-4,-4,-3,-3,-3,-3,-3,-3,-3,0,0,0,0,0,-3,-3,-3,-3,-3,-3,-3,-3,-3,-3,-2,-2,-2,-2,-2,-2,-2,-2,-1,-1,-1,-1,-1,0,0,0,0,0,0,1,1,1,1,1,1,2,2,3,3,3,4,4,4,4,6,6,7,7,8,9,9,10,10,11,13,13,13,14,15,16,17,18,19,19,20,
-5,-4,-4,-4,-4,-4,-4,0,0,0,0,0,0,0,0,0,-3,-3,-3,-3,-3,-3,-3,-3,-3,-3,-2,-2,-2,-2,-2,-2,-2,-1,-1,-1,-1,-1,0,0,0,0,0,0,1,1,1,1,1,2,2,2,3,3,4,4,4,4,6,6,7,7,8,9,9,10,10,11,13,13,13,14,15,15,17,17,19,19,19,
-6,-6,-5,-5,-5,-5,0,0,0,0,0,0,0,0,0,0,0,-3,-3,-3,-3,-3,-3,-3,-3,-3,-3,-3,-2,-2,-2,-2,-2,-2,-2,-1,-1,-1,-1,0,0,0,0,0,1,1,1,1,1,1,2,2,2,3,3,4,4,4,4,6,6,7,8,8,9,9,10,10,12,13,13,14,15,15,17,17,18,19,19,
-6,-6,-6,-6,-6,0,0,0,0,0,0,0,0,0,0,0,0,0,-3,-3,-3,-3,-3,-3,-3,-3,-3,-3,-3,-2,-2,-2,-2,-2,-2,-2,-1,-1,-1,0,0,0,0,0,0,1,1,1,1,1,1,2,2,3,3,4,4,4,4,6,6,7,7,8,9,9,10,10,11,13,13,13,14,15,17,17,18,19,19,
-6,-6,-6,-6,-6,0,0,0,0,0,0,0,-6,-5,-5,-5,-4,0,0,-4,-3,-3,-3,-3,-3,-3,-3,-3,-3,-3,-3,-2,-2,-2,-2,-2,-2,-1,-1,-1,0,0,0,0,0,0,1,1,1,1,1,2,2,2,3,3,4,4,4,4,6,7,7,8,8,9,10,10,11,13,13,13,14,15,16,17,18,19,19,
-6,-6,-6,-6,-6,0,0,0,0,0,0,-6,-6,-6,-6,-6,-6,-5,-4,-4,-4,-4,-3,-3,-3,-3,-3,-3,-3,-3,-3,-3,-2,-2,-2,-2,-2,-2,-1,-1,-1,0,0,0,0,0,0,1,1,1,1,1,2,2,3,3,4,4,4,4,6,6,7,7,8,9,9,10,10,12,13,13,14,15,16,17,17,19,19,
-6,-6,-6,-6,-6,0,0,0,0,0,-6,-6,-6,-6,-6,-6,-6,-6,-6,-5,-5,-4,-4,-4,-4,-3,-3,-3,-3,-3,-3,-3,-3,-2,-2,-2,-2,-2,-2,-1,-1,-1,0,0,0,0,0,1,1,1,1,1,2,2,2,3,3,4,4,4,6,6,7,7,8,9,9,10,10,12,13,13,13,15,16,17,17,18,19,
-6,-6,-6,-6,-6,0,0,0,0,0,-6,-6,-6,-6,-6,-6,-6,-6,-6,-6,-6,-6,-5,-4,-4,-4,-4,-3,-3,-3,-3,-3,-3,-3,-3,-2,-2,-2,-2,-2,-1,-1,-1,0,0,0,0,0,1,1,1,1,1,2,2,3,3,4,4,4,4,6,7,7,8,8,9,10,10,11,13,13,13,14,15,17,17,18,19,
-6,-6,-6,-6,-6,0,0,0,0,0,-6,-6,-6,-6,-6,-6,-6,-6,-6,-6,-6,-6,-6,-6,-5,-4,-4,-4,-4,-3,-3,-3,-3,-3,-3,-3,-2,-2,-2,-2,-2,-1,-1,-1,0,0,0,0,0,1,1,1,1,2,2,2,3,3,4,4,4,6,7,7,7,8,9,9,10,11,13,13,13,14,15,16,17,18,19,
-7,-7,-7,-7,-7,0,0,0,0,0,-6,-6,-6,-6,-6,-6,-6,-6,-6,-6,-6,-6,-6,-6,-6,-6,-5,-4,-4,-4,-3,-3,-3,-3,-3,-3,-3,-2,-2,-2,-2,-2,-1,-1,0,0,0,0,0,1,1,1,1,1,2,2,3,3,4,4,4,4,6,7,7,8,9,9,10,11,12,13,13,14,15,16,17,18,19,
-8,-8,-8,-8,-7,0,0,0,0,0,-7,-6,-6,-6,-6,-6,-6,-6,-6,-6,-6,-6,-6,-6,-6,-6,-6,-6,-5,-4,-4,-4,-3,-3,-3,-3,-3,-3,-2,-2,-2,-2,-2,-1,-1,0,0,0,0,0,1,1,1,1,2,2,2,3,4,4,4,4,6,7,7,8,9,9,10,11,12,13,13,13,15,16,17,18,19,
-8,-8,-8,-8,-8,0,0,0,0,0,-8,-7,-7,-7,-7,-6,-6,-6,-6,-6,-6,-6,-6,-6,-6,-6,-6,-6,-6,-5,-4,-4,-4,-3,-3,-3,-3,-3,-3,-2,-2,-2,-2,-2,-1,0,0,0,0,0,0,1,1,1,1,2,2,3,3,4,4,4,6,7,7,7,8,9,10,11,11,13,13,13,16,16,17,18,19,
-8,-8,-8,-8,-8,0,0,0,0,0,-8,-8,-8,-8,-8,-7,-7,-7,-6,-6,-6,-6,-6,-6,-6,-6,-6,-6,-6,-6,-5,-5,-4,-4,-4,-3,-3,-3,-3,-3,-2,-2,-2,-2,-2,-1,0,0,0,0,0,1,1,1,1,2,2,2,3,4,4,4,4,7,7,7,8,9,9,11,11,13,13,13,16,16,17,17,18,
-8,-8,-8,-8,-8,0,0,0,0,0,-8,-8,-8,-8,-8,-8,-8,-8,-8,-7,-7,-6,-6,-6,-6,-6,-6,-6,-6,-6,-6,-5,-5,-4,-4,-4,-3,-3,-3,-3,-3,-2,-2,-2,-2,-1,0,0,0,0,0,0,1,1,1,1,2,2,3,3,4,4,4,7,7,7,8,9,9,11,11,12,13,13,16,16,17,17,19,
-8,-8,-8,-8,-8,0,0,0,0,0,-8,-8,-8,-8,-8,-8,-8,-8,-8,-8,-8,-8,-7,-6,-6,-6,-6,-6,-6,-6,-6,-6,-5,-5,-4,-4,-4,-3,-3,-3,-3,-3,-2,-2,-2,-2,0,0,0,0,0,0,1,1,1,1,2,2,3,3,4,4,5,7,7,7,8,9,10,11,11,12,13,14,16,16,16,17,19,
-8,-8,-8,-8,-8,0,0,0,0,0,-8,-8,-8,-8,-8,-8,-8,-8,-8,-8,-8,-8,-8,-8,-7,-6,-6,-6,-6,-6,-6,-6,-6,-5,-5,-5,-4,-4,-3,-3,-3,-3,-3,-2,-2,-2,-1,0,0,0,0,0,0,1,1,1,1,2,2,3,4,4,5,6,7,7,7,9,10,11,11,12,13,14,15,16,16,17,19,
-9,-9,-9,-9,-9,0,0,0,0,0,-8,-8,-8,-8,-8,-8,-8,-8,-8,-8,-8,-8,-8,-8,-8,-8,-7,-6,-6,-6,-6,-6,-6,-6,-5,-5,-5,-4,-4,-3,-3,-3,-3,-2,-2,-2,-1,0,0,0,0,0,0,1,1,1,1,2,2,3,3,4,5,5,7,7,7,8,10,10,11,12,13,14,15,16,16,18,19,
-9,-9,-9,-9,-9,0,0,0,0,0,-9,-9,-9,-8,-8,-8,-8,-8,-8,-8,-8,-8,-8,-8,-8,-8,-8,-8,-7,-6,-6,-6,-6,-6,-5,-5,-5,-5,-4,-4,-3,-3,-3,-3,-2,-2,-1,-1,0,0,0,0,0,0,1,1,1,1,2,3,3,4,5,5,7,7,7,9,10,10,11,12,14,14,14,16,17,18,19,
-11,-10,-10,-10,-9,0,0,0,0,0,-9,-9,-9,-9,-9,-9,-8,-8,-8,-8,-8,-8,-8,-8,-8,-8,-8,-8,-8,-8,-6,-6,-6,-6,-5,-5,-5,-5,-5,-4,-4,-3,-3,-3,-3,-2,-1,-1,-1,0,0,0,0,0,1,1,1,1,2,2,3,5,5,5,7,7,7,9,10,10,11,13,14,14,14,16,17,18,19,
-11,-11,-11,-11,-11,0,0,0,0,0,-9,-9,-9,-9,-9,-9,-9,-9,-9,-9,-8,-8,-8,-8,-8,-8,-8,-8,-8,-8,-8,-8,-6,-6,-6,-5,-5,-5,-5,-5,-4,-4,-3,-3,-3,-3,-1,-1,-1,0,0,0,0,0,0,1,1,1,2,2,3,4,5,5,6,7,8,9,10,10,11,12,14,14,14,17,17,18,19,
-11,-11,-11,-11,-11,0,0,0,0,0,-11,-10,-10,-10,-9,-9,-9,-9,-9,-9,-9,-9,-8,-8,-8,-8,-8,-8,-8,-8,-8,-8,-8,-6,-6,-5,-5,-5,-5,-5,-5,-4,-4,-3,-3,-3,-1,-1,-1,-1,0,0,0,0,0,1,1,1,1,2,4,4,5,5,6,8,8,8,10,10,12,12,13,14,15,17,17,18,20,
-11,-11,-11,-11,-11,0,0,0,0,0,-11,-11,-11,-11,-10,-10,-10,-10,-9,-9,-9,-9,-9,-9,-8,-8,-8,-8,-8,-8,-8,-8,-8,-8,-7,-5,-5,-5,-5,-5,-5,-4,-4,-4,-3,-3,-2,-1,-1,-1,0,0,0,0,0,1,1,1,1,3,4,4,5,5,7,8,8,8,10,11,12,13,13,15,15,17,17,20,20,
-12,-12,-12,-12,-12,0,0,0,0,0,-11,-11,-11,-11,-11,-10,-10,-10,-10,-10,-10,-9,-9,-9,-9,-9,-8,-8,-8,-8,-8,-8,-8,-8,-8,-7,-5,-5,-5,-5,-5,-5,-4,-4,-3,-2,-2,-2,-1,-1,-1,0,0,0,0,0,1,1,1,3,3,4,5,5,6,8,8,8,11,11,12,13,14,15,16,17,18,20,20,
-12,-12,-12,-12,-12,0,0,0,0,0,-12,-12,-11,-11,-11,-11,-11,-10,-10,-10,-10,-10,-10,-9,-9,-9,-9,-9,-8,-8,-8,-8,-8,-8,-8,-7,-7,-5,-5,-5,-5,-5,-5,-4,-4,-2,-2,-2,-1,-1,-1,0,0,0,0,0,1,1,2,2,3,4,4,6,6,8,8,9,11,11,12,14,14,15,16,18,18,20,21,
-12,-12,-12,-12,-12,0,0,0,0,0,-12,-12,-12,-12,-12,-12,-11,-11,-10,-10,-10,-10,-10,-10,-10,-9,-9,-9,-9,-9,-8,-8,-8,-8,-8,-7,-7,-6,-5,-5,-5,-5,-5,-5,-4,-2,-2,-2,-2,-1,-1,0,0,0,0,0,1,2,2,2,3,4,5,6,7,7,8,9,11,11,12,14,14,15,17,18,18,21,21,
-12,-12,-12,-12,-12,0,0,0,0,0,-12,-12,-12,-12,-12,-12,-12,-12,-12,-11,-10,-10,-10,-10,-10,-10,-10,-9,-9,-9,-9,-8,-8,-8,-8,-7,-7,-7,-6,-5,-5,-5,-5,-5,-3,-3,-2,-2,-2,-1,-1,0,0,0,0,0,0,2,2,2,3,5,5,6,7,7,9,9,11,12,12,14,14,16,17,18,20,21,21,
-13,-13,-13,-13,-12,0,0,0,0,0,-12,-12,-12,-12,-12,-12,-12,-12,-12,-12,-11,-11,-10,-10,-10,-10,-10,-10,-10,-9,-9,-9,-9,-8,-8,-7,-7,-7,-7,-6,-5,-5,-5,-5,-4,-3,-2,-2,-2,-2,-1,-1,0,0,0,0,1,2,2,2,4,5,5,6,7,8,9,10,12,12,13,14,15,17,17,19,20,21,23,
-14,0,0,0,0,0,0,0,0,0,0,0,0,0,0,0,0,0,-12,-12,-12,-11,-11,-11,-10,-10,-10,-10,-10,-10,-9,-9,-9,-9,-8,-7,-7,-7,-7,-6,-6,-5,-5,-5,-4,-4,-2,-2,-2,-2,-1,-1,0,0,0,1,1,2,2,2,5,5,5,6,8,8,9,10,12,12,13,15,15,17,18,20,20,22,23,
-14,0,0,0,0,0,0,0,0,0,0,0,0,0,0,0,0,0,0,-12,-12,-11,-11,-11,-11,-11,-10,-10,-10,-10,-10,-9,-9,-9,-9,-7,-7,-7,-7,-7,-6,-5,-5,-4,-4,-4,-2,-2,-2,-2,-2,0,0,0,0,1,1,1,2,3,4,5,5,8,8,8,9,11,12,13,14,15,16,18,18,20,21,23,24,
-14,-14,0,0,0,0,0,0,0,0,0,0,0,0,0,0,0,0,0,-12,-12,-12,-11,-11,-11,-11,-11,-11,-10,-10,-10,-9,-9,-9,-8,-8,-7,-7,-7,-7,-6,-6,-5,-4,-4,-4,-3,-2,-2,-2,-2,0,0,0,1,1,1,1,3,4,4,5,6,7,8,8,11,11,12,14,14,15,17,18,20,21,22,24,24,
-14,-14,-14,-14,-14,0,0,0,0,0,-14,-14,-14,-14,-14,-14,-14,-13,-12,-12,-12,-12,-11,-11,-11,-11,-11,-11,-11,-10,-10,-10,-9,-9,-8,-8,-8,-7,-7,-7,-6,-6,-5,-4,-4,-4,-3,-2,-2,-2,-2,0,0,1,1,1,1,2,3,4,4,6,7,7,8,10,11,11,14,14,14,17,17,20,20,21,23,24,27,
-14,-14,-14,-14,-14,0,0,0,0,0,-14,-14,-14,-14,-14,-14,-14,-14,-14,-14,-12,-12,-11,-11,-11,-11,-11,-11,-11,-11,-11,-10,-9,-9,-8,-8,-8,-8,-7,-7,-6,-5,-5,-4,-4,-4,-3,-3,-2,-2,-2,-1,1,1,1,1,2,2,4,4,5,6,7,7,9,10,11,12,14,15,17,17,19,20,21,23,24,26,27,
-14,-14,-14,-14,-14,0,0,0,0,0,-14,-14,-14,-14,-14,-14,-14,-14,-14,-14,-14,-13,-11,-11,-11,-11,-11,-11,-11,-11,-11,-11,-10,-8,-8,-8,-8,-8,-7,-7,-6,-5,-5,-5,-4,-4,-3,-3,-2,-2,-1,0,1,1,1,1,2,2,4,5,5,7,7,9,10,10,12,13,15,16,17,18,20,21,23,23,26,26,29,
-15,-15,-15,-15,-14,0,0,0,0,0,-14,-14,-14,-14,-14,-14,-14,-14,-14,-14,-14,-14,-12,-12,-11,-11,-11,-11,-11,-11,-11,-11,-11,-8,-8,-8,-8,-8,-8,-7,-5,-5,-5,-5,-4,-3,-3,-3,-2,-2,-1,0,1,1,1,2,2,3,5,5,5,8,8,9,11,11,13,14,15,16,18,19,21,22,24,25,26,29,29,
-15,-15,-15,-15,-15,0,0,0,0,0,-14,-14,-14,-14,-14,-14,-14,-14,-14,-14,-14,-14,-13,-12,-12,-11,-11,-11,-11,-11,-11,-11,-11,-8,-8,-8,-8,-8,-8,-7,-5,-5,-5,-5,-4,-3,-3,-3,-2,-2,0,0,1,1,2,2,2,4,5,5,8,8,8,11,11,13,14,15,16,17,19,21,22,24,25,27,28,30,32,
-16,-16,-15,-15,-15,0,0,0,0,0,-15,-15,-15,-14,-14,-14,-14,-14,-14,-14,-14,-14,-13,-13,-12,-12,-11,-11,-11,-11,-11,-11,-10,-9,-8,-8,-8,-8,-8,-7,-5,-5,-5,-5,-4,-3,-3,-3,-2,0,0,0,1,2,2,2,4,4,5,7,8,8,10,11,11,14,14,17,17,19,20,21,23,24,26,28,30,31,33,
-16,-16,-16,-16,-16,-16,0,0,0,0,-15,-15,-15,-15,-15,-14,-14,-14,-14,-14,-14,-14,-13,-13,-13,-12,-12,-11,-11,-11,-11,-10,-10,-9,-8,-8,-8,-8,-7,-7,-5,-5,-5,-5,-4,-3,-3,-3,-1,0,0,0,2,2,2,3,4,5,6,7,8,9,11,11,14,14,16,17,18,20,21,23,24,26,27,29,32,33,35,
-16,-16,-16,-16,-16,-16,-16,0,0,0,-15,-15,-15,-15,-15,-15,-15,-14,-14,-14,-14,-13,-13,-13,-13,-12,-12,-12,-11,-11,-11,-10,-10,-9,-9,-8,-8,-8,-7,-7,-5,-5,-5,-5,-3,-3,-3,-2,0,0,0,2,2,2,3,4,4,6,7,8,9,10,11,13,14,15,17,18,20,21,23,24,26,28,29,32,32,35,36,
-16,-16,-16,-16,-16,-16,-16,-16,0,0,-16,-15,-15,-15,-15,-15,-15,-15,-15,-14,-14,-13,-13,-13,-13,-12,-12,-12,-11,-11,-10,-10,-10,-9,-9,-8,-8,-7,-7,-6,-5,-5,-5,-5,-3,-3,-2,-2,0,0,1,2,2,3,3,4,5,7,7,9,10,12,12,14,15,17,18,20,21,23,24,26,27,29,32,33,35,37,38,
-16,-16,-16,-16,-16,-16,-16,-16,-16,-16,-16,-16,-16,-15,-15,-15,-15,-15,-15,-15,-13,-13,-13,-13,-13,-13,-12,-12,-12,-11,-10,-10,-10,-9,-9,-8,-7,-7,-7,-6,-5,-5,-5,-5,-3,-2,-2,-2,0,1,1,2,3,3,4,5,6,7,8,10,11,12,14,15,16,18,19,21,22,24,26,27,30,32,33,35,37,39,41,
-17,-17,-17,-17,-16,-16,-16,-16,-16,-16,-16,-16,-16,-16,-15,-15,-15,-15,-15,-15,-14,-13,-13,-13,-13,-13,-12,-12,-12,-10,-10,-10,-10,-9,-9,-7,-7,-7,-7,-6,-5,-5,-5,-4,-2,-2,-2,0,1,1,2,3,3,4,5,5,7,8,9,11,12,14,15,17,18,20,21,23,24,26,27,30,31,33,36,36,39,42,43,
-17,-17,-17,-17,-17,-17,-17,-17,-16,-16,-16,-16,-16,-16,-16,-15,-15,-15,-15,-14,-14,-14,-13,-13,-13,-13,-12,-12,-11,-11,-10,-10,-10,-9,-8,-7,-7,-7,-6,-6,-5,-5,-5,-3,-2,-2,-1,1,1,1,3,3,3,5,5,8,8,8,11,11,14,14,17,17,20,21,23,24,26,27,30,32,33,36,37,39,42,44,45,
-17,-17,-17,-17,-17,-17,-17,-17,-17,-17,-16,-16,-16,-16,-16,-16,-15,-15,-14,-14,-14,-14,-14,-13,-13,-13,-12,-11,-11,-11,-10,-10,-10,-8,-8,-7,-7,-7,-6,-6,-5,-5,-3,-2,-2,-2,0,1,1,2,3,3,5,5,6,8,8,11,11,14,14,17,17,20,20,23,25,26,28,29,32,34,35,37,40,42,44,46,49,
-17,-17,-17,-17,-17,-17,-17,-17,-17,-17,-17,-17,-16,-16,-16,-16,-15,-14,-14,-14,-14,-14,-14,-13,-13,-13,-11,-11,-11,-11,-10,-10,-9,-8,-8,-7,-7,-7,-6,-6,-5,-4,-3,-2,-2,0,1,1,2,3,4,5,5,6,8,9,11,12,14,14,16,18,20,21,23,24,26,28,30,32,34,36,38,40,43,44,46,49,52,
-17,-17,-17,-17,-17,-17,-17,-17,-17,-17,-17,-17,-17,-17,-16,-16,-16,-14,-14,-14,-14,-14,-14,-14,-13,-12,-11,-11,-11,-11,-10,-9,-8,-8,-8,-7,-7,-6,-6,-5,-4,-3,-3,-1,-1,0,2,2,2,4,4,5,6,7,9,10,12,12,15,15,18,18,21,23,24,27,27,30,33,33,36,39,40,42,45,48,49,52,55,
-17,-17,-17,-17,-17,-17,-17,-17,-17,-17,-17,-17,-17,-17,-17,-16,-15,-14,-14,-14,-14,-14,-14,-14,-12,-12,-11,-11,-11,-11,-9,-9,-8,-8,-8,-7,-7,-6,-6,-4,-4,-3,-2,-1,0,1,2,2,4,4,5,6,7,9,9,12,12,15,15,18,18,21,23,24,27,27,30,33,34,36,39,41,42,45,48,50,53,56,58,
-17,-17,-17,-17,-17,-17,-17,-17,-17,-17,-17,-17,-17,-17,-16,-16,-15,-14,-14,-14,-14,-14,-14,-13,-12,-12,-11,-11,-11,-10,-9,-9,-8,-8,-8,-7,-6,-6,-5,-4,-3,-2,-1,0,1,2,2,3,4,6,6,7,9,9,11,12,14,15,18,19,21,23,24,27,28,30,33,34,37,39,40,43,46,49,51,53,56,58,61,
-17,-17,-17,-17,-17,-17,-17,-17,-17,-17,-17,-17,-17,-16,-16,-16,-15,-14,-14,-14,-14,-14,-13,-13,-13,-11,-11,-11,-10,-10,-9,-8,-8,-8,-8,-7,-6,-5,-5,-3,-2,-2,-1,1,1,2,3,4,6,6,7,8,10,11,13,14,16,17,19,21,23,25,26,28,31,32,34,37,40,42,43,46,49,52,55,57,59,62,65,
-18,-17,-17,-17,-17,-17,-17,-17,-17,-17,-17,-17,-16,-16,-16,-16,-16,-14,-14,-14,-14,-13,-13,-13,-13,-11,-11,-10,-10,-10,-9,-8,-8,-8,-8,-6,-5,-5,-4,-2,-2,-1,1,1,3,3,3,6,6,7,8,10,11,13,14,16,17,19,21,23,25,27,28,31,33,35,37,40,42,44,47,49,52,55,58,60,63,65,68,
-18,-18,-18,-17,-17,-17,-17,-17,-17,-17,-16,-16,-16,-16,-16,-16,-15,-14,-14,-14,-13,-13,-13,-13,-12,-11,-10,-10,-10,-10,-8,-8,-8,-8,-5,-5,-5,-5,-2,-2,-1,1,1,2,3,3,6,6,7,8,9,11,12,15,16,18,19,21,24,25,27,29,31,33,36,38,41,42,45,47,50,53,56,59,61,64,67,70,74,
-18,-18,-18,-18,-18,-17,-17,-17,-16,-16,-16,-16,-16,-16,-16,-16,-15,-15,-13,-13,-13,-13,-13,-13,-11,-10,-10,-10,-10,-9,-8,-8,-8,-7,-5,-5,-4,-2,-2,-1,1,1,2,3,4,4,7,7,9,9,12,12,15,15,18,20,21,24,25,27,30,31,33,36,38,40,43,46,49,50,53,56,59,62,65,69,72,75,78,
-18,-18,-18,-18,-18,-18,-16,-16,-16,-16,-16,-16,-16,-16,-16,-15,-15,-14,-13,-13,-13,-13,-13,-11,-11,-10,-10,-10,-10,-9,-8,-8,-7,-6,-5,-4,-3,-2,-1,0,1,2,2,4,4,7,7,9,9,12,12,15,16,18,19,21,24,25,28,30,31,34,37,40,40,43,46,49,52,55,57,60,63,66,69,72,76,80,83,
-18,-18,-18,-18,-17,-17,-17,-16,-16,-16,-16,-16,-16,-16,-16,-14,-14,-14,-13,-13,-13,-13,-11,-11,-10,-10,-10,-10,-9,-8,-7,-7,-6,-5,-4,-4,-2,-1,-1,2,2,2,4,4,7,7,9,9,12,13,15,16,18,19,22,24,25,28,31,31,34,37,40,41,44,47,50,53,56,59,62,65,68,71,74,77,81,84,87,
-18,-17,-17,-17,-17,-17,-17,-16,-16,-16,-16,-16,-16,-15,-14,-14,-14,-14,-13,-13,-12,-12,-11,-11,-10,-10,-10,-9,-9,-7,-7,-6,-5,-4,-4,-2,-1,-1,1,2,3,4,5,6,8,9,10,11,13,14,16,19,20,22,24,25,28,30,33,35,37,40,42,44,47,50,53,56,59,62,65,69,72,75,78,81,86,90,93,
-17,-17,-17,-17,-17,-17,-17,-16,-16,-16,-16,-15,-15,-14,-14,-14,-14,-13,-13,-12,-12,-11,-11,-11,-10,-10,-9,-9,-7,-7,-6,-5,-4,-4,-2,-1,-1,1,2,3,3,5,6,8,9,10,11,13,15,16,18,21,22,24,26,29,30,33,35,38,41,43,46,49,51,54,57,60,63,66,69,72,77,80,83,88,91,94,99,
-17,-17,-17,-17,-17,-17,-17,-16,-16,-15,-15,-15,-14,-14,-14,-14,-14,-12,-12,-12,-11,-11,-11,-10,-10,-9,-8,-8,-7,-6,-5,-4,-4,-2,-2,0,1,2,3,3,5,6,8,10,10,12,13,15,17,18,21,23,24,27,29,31,34,36,38,40,43,46,49,52,55,58,61,65,68,71,74,77,81,85,89,93,96,101,105,
-17,-17,-17,-17,-17,-17,-16,-15,-15,-15,-15,-14,-14,-14,-14,-13,-13,-12,-12,-11,-11,-11,-11,-10,-9,-8,-8,-7,-5,-5,-5,-3,-2,-2,0,1,2,3,4,5,7,8,10,10,12,14,15,17,19,21,23,25,28,29,31,34,37,39,41,44,47,50,53,56,59,62,65,68,72,75,78,84,87,90,94,99,103,106,112,
-17,-17,-17,-16,-16,-16,-15,-15,-15,-14,-14,-14,-14,-13,-13,-13,-12,-12,-11,-11,-11,-11,-10,-8,-8,-8,-7,-5,-5,-5,-3,-2,-1,0,1,2,3,4,5,7,7,10,11,12,14,15,18,19,22,23,25,28,31,32,34,37,40,43,44,47,50,53,56,60,63,66,69,72,77,81,84,88,92,97,100,105,109,113,119,
-16,-16,-16,-16,-16,-16,-15,-15,-14,-14,-13,-13,-13,-13,-13,-12,-11,-11,-11,-11,-11,-9,-8,-8,-8,-7,-5,-5,-4,-3,-2,-1,0,2,2,4,4,5,7,8,10,11,12,13,16,18,19,22,24,25,28,31,32,35,38,41,44,46,49,51,54,57,60,63,68,71,74,79,82,85,90,94,98,102,107,112,115,121,125,
-16,-16,-16,-16,-16,-15,-14,-13,-13,-13,-13,-13,-13,-13,-13,-11,-11,-11,-11,-10,-10,-8,-8,-7,-7,-5,-4,-4,-3,-1,-1,0,2,2,4,4,6,7,8,11,11,13,14,16,19,20,22,24,26,29,32,33,35,38,41,44,46,49,52,56,59,62,65,68,73,76,79,84,87,92,96,100,104,109,113,118,122,128,134,
-16,-16,-16,-15,-13,-13,-13,-13,-13,-13,-13,-13,-13,-12,-11,-11,-11,-10,-10,-9,-8,-7,-7,-7,-5,-4,-4,-3,-1,-1,1,2,3,4,5,6,8,9,11,12,13,15,16,19,20,23,24,27,29,32,34,37,39,42,45,48,50,53,56,59,63,66,70,74,78,81,85,89,94,97,103,107,110,116,121,125,130,135,141,
-14,-14,-13,-13,-13,-13,-13,-13,-13,-13,-13,-12,-11,-11,-11,-10,-10,-10,-9,-8,-7,-7,-6,-4,-4,-4,-2,-1,0,1,2,3,4,5,6,8,10,11,13,13,15,17,19,21,23,25,28,30,32,34,37,40,43,45,48,52,54,57,61,64,69,72,75,79,82,88,91,95,100,104,109,113,118,123,128,134,139,144,150,
