0,0,0,0,0,0,0,0,0,0,0,0,0,0,0,0,-3,-3,-3,-3,-3,-3,-3,-3,-3,-3,-3,-3,-3,-3,-3,-3,-2,-2,-2,-2,-1,0,0,0,0,0,0,0,0,0,0,0,0,0,0,0,0,1,1,1,2,2,2,2,3,4,5,5,5,6,6,6,8,8,9,9,9,10,11,12,12,13,14,14,15,17,17,
0,0,0,0,0,0,0,0,0,0,0,0,0,0,0,0,-3,-3,-3,-3,-3,-3,-3,-3,-3,-3,-3,-3,-3,-3,-3,-3,-3,-2,-2,-2,-2,-1,0,0,0,0,0,0,0,0,0,0,0,0,0,0,0,0,1,1,1,2,2,2,3,4,4,5,5,6,6,6,7,8,9,9,9,10,11,12,12,13,14,14,15,17,17,
-5,-5,-5,-5,0,0,0,0,0,0,0,-4,-4,-4,-4,-3,-3,-3,-3,-3,-3,-3,-3,-3,-3,-3,-3,-3,-3,-3,-3,-3,-3,-3,-3,-2,-2,-2,-1,0,0,0,0,0,0,0,0,0,0,0,0,0,0,0,1,1,1,2,2,2,3,3,4,5,5,5,6,6,6,8,9,9,9,10,11,12,12,13,14,14,15,17,17,
-6,-6,-6,-6,-6,0,0,0,0,0,-5,-5,-5,-5,-4,-4,-4,-4,-4,-3,-3,-3,-3,-3,-3,-3,-3,-3,-3,-3,-3,-3,-3,-3,-3,-3,-2,-2,-2,-1,0,0,0,0,0,0,0,0,0,0,0,0,0,0,0,1,1,1,2,2,2,3,4,4,5,5,6,6,6,8,9,9,9,9,11,12,12,12,14,14,15,17,17,
-6,-6,-6,-6,-6,0,0,0,0,0,-5,-5,-5,-5,-5,-5,-5,-5,-4,-4,-4,-4,-3,-3,-3,-3,-3,-3,-3,-3,-3,-3,-3,-3,-3,-3,-3,-2,-2,-2,-1,0,0,0,0,0,0,0,0,0,0,0,0,0,0,1,1,1,2,2,2,3,4,4,5,5,6,6,6,8,9,9,9,9,11,12,12,12,14,14,14,16,17,
-6,-6,-6,-6,-6,0,0,0,0,0,-6,-6,-6,-6,-5,-5,-5,-5,-5,-5,-5,-4,-4,-4,-4,-3,-3,-3,-3,-3,-3,-3,-3,-3,-3,-3,-3,-3,-3,-2,-2,-1,0,0,0,0,0,0,0,0,0,0,0,0,0,1,1,1,1,2,2,3,3,4,4,5,6,6,6,6,8,9,9,9,11,12,12,12,14,14,14,16,17,
-6,-6,-6,-6,-6,0,0,0,0,0,-6,-6,-6,-6,-6,-6,-6,-6,-5,-5,-5,-5,-5,-5,-4,-4,-4,-3,-3,-3,-3,-3,-3,-3,-3,-3,-3,-3,-3,-3,-2,-2,-1,0,0,0,0,0,0,0,0,0,0,0,0,0,1,1,1,2,2,2,3,4,4,5,6,6,6,6,8,9,9,9,10,11,12,12,14,14,14,16,17,
-6,-6,-6,-6,-6,0,0,0,0,0,-6,-6,-6,-6,-6,-6,-6,-6,-6,-6,-5,-5,-5,-5,-5,-5,-4,-4,-4,-3,-3,-3,-3,-3,-3,-3,-3,-3,-3,-3,-3,-2,-2,0,0,0,0,0,0,0,0,0,0,0,0,0,1,1,1,2,2,2,3,4,4,5,5,6,6,6,8,9,9,9,10,11,12,12,14,14,14,16,17,
-6,-6,-6,-6,-6,0,0,0,0,0,-6,-6,-6,-6,-6,-6,-6,-6,-6,-6,-6,-6,-6,-5,-5,-5,-5,-5,-4,-4,-4,-3,-3,-3,-3,-3,-3,-3,-3,-3,-3,-3,-2,-2,0,0,0,0,0,0,0,0,0,0,0,0,0,1,1,1,2,2,3,4,4,4,5,6,6,6,8,9,9,9,9,11,12,12,14,14,14,16,17,
-6,-6,-6,-6,-6,0,0,0,0,0,-6,-6,-6,-6,-6,-6,-6,-6,-6,-6,-6,-6,-6,-6,-5,-5,-5,-5,-5,-5,-4,-4,-3,-3,-3,-3,-3,-3,-3,-3,-3,-3,-3,-2,-1,0,0,0,0,0,0,0,0,0,0,0,0,1,1,1,2,2,3,4,4,4,5,6,6,6,7,9,9,9,9,12,12,12,13,14,15,16,17,
-7,-7,-6,-6,-6,0,0,0,0,0,-6,-6,-6,-6,-6,-6,-6,-6,-6,-6,-6,-6,-6,-6,-6,-6,-5,-5,-5,-5,-5,-5,-4,-4,-3,-3,-3,-3,-3,-3,-3,-3,-3,-2,-2,-1,0,0,0,0,0,0,0,0,0,0,0,1,1,1,1,2,2,4,4,4,5,6,6,6,7,9,9,9,9,12,12,12,13,14,15,16,17,
-8,-8,-8,-8,-8,0,0,0,0,0,-6,-6,-6,-6,-6,-6,-6,-6,-6,-6,-6,-6,-6,-6,-6,-6,-6,-5,-5,-5,-5,-5,-5,-4,-4,-3,-3,-3,-3,-3,-3,-3,-3,-3,-2,-1,-1,0,0,0,0,0,0,0,0,0,0,0,1,1,1,2,2,4,4,4,5,6,6,7,7,9,9,9,9,12,12,12,13,14,15,16,17,
-8,-8,-8,-8,-8,0,0,0,0,0,-8,-8,-8,-7,-7,-6,-6,-6,-6,-6,-6,-6,-6,-6,-6,-6,-6,-6,-6,-5,-5,-5,-5,-5,-5,-4,-4,-3,-3,-3,-3,-3,-3,-3,-3,-1,-1,-1,0,0,0,0,0,0,0,0,0,0,1,1,1,2,2,4,4,4,4,6,6,7,7,9,9,9,9,12,12,12,13,15,15,16,17,
-8,-8,-8,-8,-8,0,0,0,0,0,-8,-8,-8,-8,-8,-8,-8,-8,-7,-6,-6,-6,-6,-6,-6,-6,-6,-6,-6,-6,-5,-5,-5,-5,-5,-5,-4,-4,-3,-3,-3,-3,-3,-3,-3,-2,-1,-1,0,0,0,0,0,0,0,0,0,0,1,1,1,1,2,4,4,4,4,6,6,7,7,9,9,9,10,12,12,12,13,15,15,16,17,
-8,-8,-8,-8,-8,0,0,0,0,0,-8,-8,-8,-8,-8,-8,-8,-8,-8,-8,-8,-7,-6,-6,-6,-6,-6,-6,-6,-6,-6,-5,-5,-5,-5,-5,-5,-4,-4,-3,-3,-3,-3,-3,-3,-3,-1,-1,-1,0,0,0,0,0,0,0,0,0,0,1,1,1,3,4,4,4,4,6,6,7,7,9,9,9,11,12,12,12,14,15,16,16,17,
-8,-8,-8,-8,-8,0,0,0,0,0,-8,-8,-8,-8,-8,-8,-8,-8,-8,-8,-8,-8,-8,-8,-6,-6,-6,-6,-6,-6,-6,-5,-5,-5,-5,-5,-5,-5,-4,-4,-3,-3,-3,-3,-3,-3,-2,-1,-1,-1,0,0,0,0,0,0,0,0,0,1,1,1,3,4,4,4,4,6,7,7,7,8,9,10,11,12,12,13,14,15,16,16,18,
-8,-8,-8,-8,-8,0,0,0,0,0,-8,-8,-8,-8,-8,-8,-8,-8,-8,-8,-8,-8,-8,-8,-8,-8,-8,-6,-6,-6,-6,-6,-5,-5,-5,-5,-5,-5,-5,-4,-4,-3,-3,-3,-3,-3,-2,-2,-1,-1,0,0,0,0,0,0,0,0,0,1,1,1,2,3,4,4,4,6,7,7,7,8,9,10,11,12,12,14,14,15,16,17,18,
-8,-8,-8,-8,-8,0,0,0,0,0,-8,-8,-8,-8,-8,-8,-8,-8,-8,-8,-8,-8,-8,-8,-8,-8,-8,-8,-8,-6,-6,-6,-5,-5,-5,-5,-5,-5,-5,-5,-4,-4,-3,-3,-3,-3,-2,-2,-1,-1,-1,0,0,0,0,0,0,0,0,1,1,2,2,3,4,4,4,5,7,7,7,8,10,10,11,12,13,14,14,15,17,17,18,
-9,-9,-9,-9,-8,0,0,0,0,0,-8,-8,-8,-8,-8,-8,-8,-8,-8,-8,-8,-8,-8,-8,-8,-8,-8,-8,-8,-8,-7,-6,-6,-5,-5,-5,-5,-5,-5,-5,-5,-4,-4,-3,-3,-2,-2,-2,-2,-1,-1,0,0,0,0,0,0,0,0,1,1,2,2,3,4,4,5,5,7,7,7,9,10,10,11,13,13,14,14,16,17,17,19,
-9,-9,-9,-9,-9,0,0,0,0,0,-9,-8,-8,-8,-8,-8,-8,-8,-8,-8,-8,-8,-8,-8,-8,-8,-8,-8,-8,-8,-8,-8,-6,-5,-5,-5,-5,-5,-5,-5,-5,-5,-4,-4,-3,-2,-2,-2,-2,-1,-1,-1,0,0,0,0,0,0,0,0,2,2,2,3,4,4,5,5,7,7,8,9,10,10,11,13,13,14,15,16,17,17,20,
-11,-11,-10,-10,-10,0,0,0,0,0,0,-9,-9,-9,-9,-9,-8,-8,-8,-8,-8,-8,-8,-8,-8,-8,-8,-8,-8,-8,-8,-8,-8,-6,-5,-5,-5,-5,-5,-5,-5,-5,-5,-4,-4,-2,-2,-2,-2,-2,-1,-1,0,0,0,0,0,0,0,1,2,2,2,3,4,5,5,5,7,7,8,9,10,10,12,13,13,14,15,17,17,18,20,
-11,-11,-11,-11,-11,0,0,0,0,0,0,-10,-10,-10,-9,-9,-9,-9,-9,-8,-8,-8,-8,-8,-8,-8,-8,-8,-8,-8,-8,-8,-8,-7,-7,-5,-5,-5,-5,-5,-5,-5,-5,-5,-4,-2,-2,-2,-2,-2,-1,-1,-1,0,0,0,0,0,0,1,2,2,2,3,5,5,5,5,7,8,8,9,10,11,12,13,13,15,16,17,18,19,20,
-11,-11,-11,-11,-11,0,0,0,0,0,0,0,-10,-10,-10,-10,-10,-10,-9,-9,-9,-9,-8,-8,-8,-8,-8,-8,-8,-8,-8,-8,-8,-7,-7,-7,-5,-5,-5,-5,-5,-5,-5,-5,-3,-3,-2,-2,-2,-2,-2,-1,-1,0,0,0,0,0,1,1,2,2,2,4,5,5,5,5,8,8,8,10,11,11,12,13,15,15,16,18,18,20,21,
-11,-11,-11,-11,-11,0,0,0,0,0,-11,0,0,-10,-10,-10,-10,-10,-10,0,0,0,-9,-9,-9,-8,-8,-8,-8,-8,-8,-8,-8,-7,-7,-7,-7,-5,-5,-5,-5,-5,-5,-5,-4,-3,-2,-2,-2,-2,-2,-1,-1,0,0,0,0,1,1,1,2,2,2,4,5,5,5,7,8,8,8,11,11,11,12,14,15,15,17,18,18,21,21,
-11,-11,-11,-11,0,0,0,0,0,0,-11,0,0,0,0,-10,-10,0,0,0,0,0,-10,-9,-9,-9,-9,-8,-8,-8,-8,-8,-8,-7,-7,-7,-7,-7,-5,-5,-5,-5,-5,-5,-4,-4,-3,-2,-2,-2,-2,-1,-1,0,0,0,0,1,1,1,2,2,3,4,5,5,6,8,8,8,9,11,11,12,14,14,15,17,17,18,20,21,21,
-12,0,0,0,0,0,0,0,0,0,-11,-11,0,0,0,0,0,0,0,0,0,0,0,-10,-10,-9,-9,-9,-9,-8,-8,-8,-8,-7,-7,-7,-7,-7,-6,-5,-5,-5,-5,-4,-4,-4,-3,-2,-2,-2,-2,-2,-1,0,0,0,1,1,1,1,1,3,3,4,5,6,6,8,8,9,11,11,11,13,14,14,16,17,18,20,20,21,23,
0,0,0,0,0,0,0,0,0,0,-12,-11,-11,0,0,0,0,0,0,0,0,0,0,-10,-10,-10,-9,-9,-9,-9,-8,-8,-8,-7,-7,-7,-7,-7,-7,-6,-5,-5,-5,-4,-4,-4,-4,-2,-2,-2,-2,-2,-1,0,0,1,1,1,1,1,2,3,4,4,6,6,7,8,9,9,11,11,12,14,14,15,17,17,19,20,22,23,24,
-12,-12,0,0,0,0,0,0,0,0,0,-12,-12,-12,0,0,0,0,0,0,0,0,0,-10,-10,-10,-10,-9,-9,-9,-9,-9,-8,-7,-7,-7,-7,-7,-7,-6,-6,-5,-4,-4,-4,-4,-4,-2,-2,-2,-2,-2,-1,0,0,1,1,1,1,2,2,3,4,5,6,6,7,9,9,10,12,12,13,14,15,17,18,18,20,21,23,23,25,
-12,-12,-12,-12,-12,-12,0,0,0,0,0,-12,-12,-12,-12,0,0,0,0,0,0,0,-10,-10,-10,-10,-10,-10,-9,-9,-9,-9,-9,-7,-7,-7,-7,-7,-7,-6,-6,-5,-4,-4,-4,-4,-4,-2,-2,-2,-2,-2,0,0,1,1,1,1,2,2,3,4,5,5,6,7,8,9,10,11,12,12,15,15,16,18,18,20,21,22,24,24,26,
-13,-13,-13,-13,-12,-12,-12,-12,-12,0,-12,-12,-12,-12,-12,-12,-12,0,0,0,0,-10,-10,-10,-10,-10,-10,-10,-10,-9,-9,-9,-9,-7,-7,-7,-7,-7,-7,-6,-6,-4,-4,-4,-4,-4,-4,-2,-2,-2,-2,-2,0,1,1,1,1,1,2,2,3,5,5,5,6,8,8,9,11,12,12,14,15,15,18,18,19,21,21,24,24,26,27,
-13,-13,-13,-13,-13,-13,-13,-13,-12,-12,-12,-12,-12,-12,-12,-12,-12,-12,-11,-11,-11,-11,-10,-10,-10,-10,-10,-10,-10,-10,-9,-9,-8,-8,-7,-7,-7,-7,-7,-7,-6,-4,-4,-4,-4,-4,-3,-2,-2,-2,-2,-2,1,1,1,1,1,2,2,2,4,5,5,6,8,8,9,11,11,12,14,15,15,17,18,20,21,21,24,24,27,27,30,
-13,-13,-13,-13,-13,-13,-13,-13,-13,-13,-13,-13,-12,-12,-12,-12,-12,-12,-11,-11,-11,-11,-11,-10,-10,-10,-10,-10,-10,-10,-9,-9,-8,-8,-7,-7,-7,-7,-7,-7,-5,-5,-4,-4,-4,-4,-3,-2,-2,-2,-2,-1,1,1,1,1,2,2,2,2,5,5,5,8,8,8,10,11,12,14,14,15,17,18,19,20,21,23,24,26,27,29,30,
-13,-13,-13,-13,-13,-13,-13,-13,-13,-13,-13,-13,-13,-13,-12,-12,-12,-12,-11,-11,-11,-11,-11,-11,-10,-10,-10,-10,-10,-10,-10,-9,-8,-8,-8,-7,-7,-7,-7,-7,-5,-5,-4,-4,-4,-4,-3,-2,-2,-2,-2,0,1,1,1,2,2,2,2,5,5,5,7,8,8,10,11,11,13,14,15,17,17,19,20,22,23,24,26,27,29,30,32,
-14,-14,-13,-13,-13,-13,-13,-13,-13,-13,-13,-13,-13,-13,-13,-13,-12,-12,-11,-11,-11,-11,-11,-11,-11,-10,-10,-10,-10,-10,-10,-8,-8,-8,-8,-7,-7,-7,-7,-6,-5,-5,-4,-4,-4,-4,-3,-2,-2,-2,-1,0,1,1,2,2,2,2,3,5,5,6,8,8,9,11,11,13,14,15,16,17,19,20,22,23,25,26,28,29,31,32,34,
-14,-14,-14,-14,-14,-14,-14,-13,-13,-13,-13,-13,-13,-13,-13,-13,-13,-13,-11,-11,-11,-11,-11,-11,-11,-11,-10,-10,-10,-10,-10,-9,-8,-8,-8,-8,-7,-7,-6,-6,-5,-5,-4,-4,-4,-4,-3,-2,-2,-1,0,1,1,2,2,2,3,3,4,5,6,7,8,9,11,12,12,14,15,16,18,18,20,21,23,24,25,27,28,30,32,34,35,
-14,-14,-14,-14,-14,-14,-14,-14,-14,-14,-13,-13,-13,-13,-13,-13,-13,-13,-12,-11,-11,-11,-11,-11,-11,-11,-11,-10,-10,-10,-9,-9,-8,-8,-8,-8,-7,-6,-6,-6,-5,-5,-4,-4,-4,-3,-3,-2,-1,-1,0,1,2,2,2,3,3,3,5,6,6,8,9,9,12,12,14,15,15,18,18,21,21,23,24,25,27,29,30,33,33,36,37,
-14,-14,-14,-14,-14,-14,-14,-14,-14,-14,-14,-14,-13,-13,-13,-13,-13,-13,-12,-12,-11,-11,-11,-11,-11,-11,-11,-11,-10,-9,-9,-9,-8,-8,-8,-8,-7,-6,-6,-5,-5,-5,-4,-4,-4,-3,-3,-1,-1,-1,0,2,2,2,3,3,3,4,6,6,8,9,9,12,12,12,15,15,18,18,21,21,22,24,25,27,29,30,33,33,36,37,39,
-14,-14,-14,-14,-14,-14,-14,-14,-14,-14,-14,-14,-14,-14,-13,-13,-13,-13,-12,-12,-12,-11,-11,-11,-11,-11,-11,-11,-10,-9,-9,-9,-8,-8,-8,-8,-6,-6,-6,-5,-5,-5,-4,-4,-4,-3,-2,-1,-1,0,1,2,2,3,3,3,5,6,6,8,9,9,11,12,13,15,15,17,18,19,21,22,24,25,27,28,31,33,34,36,37,40,42,
-14,-14,-14,-14,-14,-14,-14,-14,-14,-14,-14,-14,-14,-14,-14,-14,-13,-12,-12,-12,-12,-12,-11,-11,-11,-11,-11,-11,-10,-9,-9,-9,-8,-8,-8,-7,-6,-6,-6,-5,-5,-5,-4,-4,-3,-2,-2,-1,-1,1,2,2,3,3,3,4,5,6,7,8,9,11,12,13,14,16,17,19,19,22,22,25,25,28,28,31,32,34,37,37,40,42,43,
-14,-14,-14,-14,-14,-14,-14,-14,-14,-14,-14,-14,-14,-14,-14,-14,-14,-12,-12,-12,-12,-12,-11,-11,-11,-11,-11,-10,-10,-9,-9,-9,-8,-8,-7,-7,-6,-6,-6,-5,-5,-5,-4,-4,-2,-2,-1,-1,1,1,2,3,3,3,4,5,5,7,8,10,10,11,13,14,16,17,19,19,21,22,24,25,28,28,31,33,34,36,38,40,42,44,46,
-15,-14,-14,-14,-14,-14,-14,-14,-14,-14,-14,-14,-14,-14,-14,-14,-13,-13,-12,-12,-12,-12,-12,-11,-11,-11,-11,-10,-10,-9,-9,-9,-8,-7,-7,-7,-6,-6,-5,-5,-5,-5,-4,-2,-2,-2,-1,1,1,1,3,3,3,4,5,5,7,8,9,10,11,13,14,15,16,18,19,21,22,24,26,27,29,30,33,35,36,38,41,42,44,47,49,
-15,-15,-15,-14,-14,-14,-14,-14,-14,-14,-14,-14,-14,-14,-14,-13,-13,-13,-13,-12,-12,-12,-12,-11,-11,-11,-10,-10,-10,-10,-9,-9,-7,-7,-7,-7,-6,-6,-5,-5,-5,-4,-3,-2,-2,-2,0,1,1,3,3,3,4,4,5,6,8,9,10,12,12,15,15,17,18,20,21,23,24,26,27,30,31,33,35,37,39,40,43,45,47,49,52,
-15,-15,-15,-15,-15,-14,-14,-14,-14,-14,-14,-14,-14,-14,-13,-13,-13,-13,-13,-13,-12,-12,-12,-11,-11,-10,-10,-10,-10,-10,-9,-8,-7,-7,-7,-7,-6,-5,-5,-5,-5,-3,-2,-2,-2,0,1,1,2,3,3,4,4,6,6,7,9,9,12,12,14,15,17,18,19,21,22,24,26,28,30,31,34,34,37,40,40,43,46,47,50,52,55,
-15,-15,-15,-15,-15,-15,-14,-14,-14,-14,-14,-14,-14,-13,-13,-13,-13,-13,-13,-13,-12,-12,-12,-11,-10,-10,-10,-10,-10,-10,-9,-7,-7,-7,-7,-7,-6,-5,-5,-5,-4,-3,-2,-1,-1,0,1,2,2,4,4,4,6,6,7,9,9,12,12,13,15,16,18,19,22,22,25,25,28,31,31,34,35,37,40,41,44,46,48,50,53,56,58,
-16,-16,-15,-15,-15,-15,-15,-14,-14,-14,-14,-14,-13,-13,-13,-13,-13,-13,-13,-13,-13,-12,-12,-10,-10,-10,-10,-10,-10,-9,-8,-7,-7,-7,-7,-7,-5,-5,-5,-4,-4,-2,-1,-1,-1,2,2,2,4,4,4,6,6,7,9,10,11,13,13,16,16,19,19,22,22,25,26,28,30,32,34,36,38,39,42,44,47,49,51,53,56,58,61,
-16,-16,-16,-16,-15,-15,-15,-15,-14,-14,-14,-13,-13,-13,-13,-13,-13,-13,-13,-13,-13,-12,-11,-10,-10,-10,-10,-10,-9,-9,-7,-7,-7,-7,-7,-7,-5,-5,-4,-4,-2,-1,-1,-1,2,2,2,3,4,4,6,6,7,9,10,11,13,13,16,16,19,19,22,23,25,27,29,30,32,34,36,38,40,43,45,46,49,52,54,56,59,62,65,
-16,-16,-16,-16,-16,-15,-15,-15,-14,-14,-13,-13,-13,-13,-13,-13,-13,-13,-13,-13,-13,-11,-10,-10,-10,-10,-10,-9,-9,-9,-7,-7,-7,-7,-7,-5,-4,-4,-4,-4,-1,-1,-1,1,2,2,3,4,5,5,6,7,8,10,10,13,13,15,16,18,20,21,23,25,27,29,31,32,34,37,39,40,43,46,47,50,53,56,57,59,62,65,68,
-16,-16,-16,-16,-16,-16,-15,-15,-13,-13,-13,-13,-13,-13,-13,-13,-13,-13,-13,-12,-12,-11,-10,-10,-10,-10,-9,-9,-9,-7,-7,-7,-7,-7,-7,-4,-4,-4,-4,-2,-1,-1,0,2,2,3,3,5,5,7,7,9,10,10,12,14,15,17,18,20,22,23,25,27,28,31,33,34,37,40,41,44,46,47,50,53,56,58,61,64,66,69,72,
-16,-16,-16,-16,-16,-16,-14,-14,-13,-13,-13,-13,-13,-13,-13,-13,-13,-13,-12,-12,-12,-10,-10,-10,-10,-9,-9,-9,-9,-7,-7,-7,-7,-7,-5,-4,-4,-3,-2,-1,-1,0,1,3,3,3,5,5,7,7,9,9,11,12,14,15,17,19,20,22,23,25,28,29,31,34,35,38,39,41,44,47,49,51,54,57,59,62,65,68,71,74,77,
-16,-16,-16,-16,-15,-15,-15,-14,-13,-13,-13,-13,-13,-13,-13,-13,-12,-12,-12,-12,-12,-10,-10,-10,-9,-9,-9,-9,-8,-7,-7,-7,-7,-5,-4,-4,-3,-2,-2,0,0,1,3,3,4,5,5,7,7,9,9,11,12,14,16,17,19,20,22,25,25,28,29,32,33,35,38,40,43,45,46,49,52,55,57,59,62,65,69,72,75,78,81,
-16,-15,-15,-15,-15,-15,-14,-13,-13,-13,-13,-13,-13,-13,-13,-12,-12,-12,-12,-12,-11,-10,-9,-9,-9,-9,-9,-8,-7,-7,-7,-6,-5,-5,-4,-3,-3,-2,0,0,1,2,3,4,4,6,7,8,9,10,11,13,13,16,16,19,20,22,24,26,28,29,32,34,36,38,40,43,45,47,50,53,56,59,61,64,66,69,72,76,80,83,86,
-15,-15,-15,-15,-15,-15,-13,-13,-13,-13,-13,-13,-13,-12,-12,-12,-12,-12,-12,-11,-10,-9,-9,-9,-9,-9,-8,-8,-7,-7,-6,-6,-5,-4,-3,-3,-2,0,0,2,2,3,4,4,6,7,8,9,10,11,13,13,16,17,19,21,23,24,26,28,31,32,34,37,39,41,44,47,48,51,54,57,60,62,65,68,71,74,78,81,84,87,91,
-15,-15,-15,-15,-15,-14,-13,-13,-13,-13,-13,-12,-12,-12,-12,-12,-12,-12,-11,-9,-9,-9,-9,-9,-9,-8,-8,-7,-7,-6,-6,-5,-3,-3,-3,-1,-1,0,2,2,4,4,4,6,7,8,9,10,11,13,14,16,17,20,21,23,25,26,28,31,33,35,38,40,41,44,47,49,52,54,57,60,62,66,69,72,75,78,82,86,89,93,96,
-15,-15,-15,-15,-14,-13,-13,-13,-13,-12,-12,-12,-12,-12,-12,-12,-12,-10,-10,-9,-9,-9,-9,-9,-8,-8,-7,-6,-6,-6,-5,-4,-3,-3,-1,-1,0,2,2,3,4,5,5,8,8,10,10,12,13,14,17,18,20,22,23,25,27,29,31,33,35,38,41,42,45,48,50,53,56,59,62,65,67,71,74,77,80,84,87,90,94,98,103,
-15,-15,-14,-13,-13,-13,-12,-12,-12,-12,-12,-12,-12,-12,-12,-11,-10,-10,-9,-9,-9,-9,-9,-8,-8,-8,-6,-6,-6,-4,-4,-3,-2,-1,-1,1,2,2,3,4,5,5,8,8,10,10,12,14,15,17,19,20,22,24,25,28,29,32,35,36,38,40,43,45,48,50,53,56,60,63,66,68,71,75,78,81,85,89,92,97,100,105,108,
-14,-14,-13,-12,-12,-12,-12,-12,-12,-12,-12,-12,-12,-11,-11,-10,-10,-9,-9,-9,-9,-9,-8,-8,-7,-6,-6,-6,-4,-4,-3,-2,-1,-1,1,2,3,3,5,5,5,8,9,10,11,12,14,15,17,19,21,22,24,26,29,29,32,34,37,39,41,44,47,50,51,54,57,60,63,67,70,72,75,80,83,87,91,94,99,102,106,111,114,
-12,-12,-12,-12,-12,-12,-12,-12,-12,-12,-12,-11,-11,-10,-10,-9,-9,-9,-9,-9,-9,-8,-8,-7,-6,-6,-4,-4,-4,-3,-1,-1,0,1,2,3,3,5,5,6,8,9,10,11,13,14,16,17,19,20,23,25,26,29,31,33,35,37,40,41,44,47,50,53,56,59,62,65,68,72,75,78,82,85,89,93,97,100,105,108,113,118,121,
-12,-12,-12,-12,-12,-12,-12,-12,-11,-11,-11,-10,-10,-10,-9,-9,-9,-9,-9,-9,-8,-7,-6,-6,-6,-4,-4,-4,-2,-1,-1,0,1,3,3,3,5,5,7,8,9,11,11,13,14,16,18,19,20,23,26,27,29,31,33,35,38,41,44,45,48,51,54,56,60,63,66,69,73,76,79,84,87,91,94,99,102,106,111,115,120,124,129,
-12,-12,-12,-12,-12,-11,-11,-11,-11,-10,-10,-10,-9,-9,-9,-9,-9,-9,-8,-7,-7,-6,-6,-5,-4,-4,-3,-2,-1,0,0,1,3,3,4,5,6,7,9,9,11,11,13,15,16,18,20,22,23,26,28,30,32,35,36,38,41,44,47,50,52,55,57,60,63,67,70,74,78,81,85,88,93,96,100,104,109,113,118,121,127,131,136,
-12,-12,-11,-11,-11,-11,-11,-10,-10,-10,-9,-9,-9,-9,-9,-9,-8,-7,-7,-7,-6,-5,-4,-4,-4,-3,-2,-1,0,0,3,3,3,4,5,6,7,9,11,11,13,13,16,17,19,20,22,24,27,28,30,32,35,38,39,42,45,47,50,53,57,59,62,65,69,72,75,79,82,87,90,94,97,103,107,111,115,120,125,130,133,139,144,
-11,-11,-11,-11,-10,-10,-10,-9,-9,-9,-9,-9,-9,-9,-8,-7,-7,-7,-6,-5,-5,-4,-4,-3,-2,-1,0,0,0,3,3,4,4,6,6,8,9,11,11,13,14,16,17,20,21,23,25,27,29,32,33,36,39,41,43,46,48,51,54,57,60,63,66,69,73,76,81,84,88,91,96,100,104,109,113,117,122,127,132,137,142,148,152,
-10,-10,-10,-10,-9,-9,-9,-9,-9,-9,-9,-9,-7,-7,-7,-7,-6,-5,-5,-4,-4,-3,-3,-2,0,0,0,2,3,4,4,6,6,8,8,10,11,12,13,14,17,17,20,22,24,26,27,29,32,34,36,39,41,44,47,49,52,55,58,61,65,68,71,75,78,82,85,90,94,98,103,106,111,116,121,125,131,135,140,146,151,156,161,
