-8,0,0,0,0,0,0,0,0,0,0,0,0,0,0,0,0,-6,-6,-6,-6,-6,-5,-5,-5,-5,-5,-5,-5,-5,-5,-4,-4,-4,-4,-3,-3,-2,-2,0,0,1,1,2,3,3,3,3,3,4,5,6,6,6,7,8,9,10,11,12,12,15,16,18,18,20,22,22,26,27,29,29,31,35,37,38,39,41,43,47,49,50,53,56,57,61,63,67,67,71,75,77,80,
-10,0,0,0,0,0,0,0,0,0,0,0,0,0,0,0,0,-6,-6,-6,-6,-6,-6,-6,-6,-5,-5,-5,-5,-5,-5,-5,-5,-4,-4,-4,-4,-3,-2,-2,0,0,1,1,2,3,3,3,3,3,4,5,6,6,7,7,8,9,11,11,12,13,15,18,18,20,20,22,26,27,28,29,30,33,36,38,38,41,43,45,49,50,52,55,57,61,62,67,67,70,74,76,80,
-12,-10,-10,-10,-10,0,0,0,0,0,0,0,0,-8,-8,-8,-8,-8,-7,-7,-6,-6,-6,-6,-6,-6,-6,-6,-5,-5,-5,-5,-5,-5,-5,-4,-4,-4,-3,-3,-2,0,0,1,1,2,3,3,3,3,4,4,5,6,6,7,8,8,10,11,12,13,15,16,18,20,20,22,24,26,27,29,29,33,36,38,38,41,42,44,48,49,51,54,57,60,61,66,67,69,74,76,80,
-12,-12,-12,-12,-12,-12,0,0,0,0,0,0,-10,-10,-10,-10,-9,-9,-8,-8,-8,-8,-8,-7,-6,-6,-6,-6,-6,-6,-5,-5,-5,-5,-5,-5,-5,-4,-4,-3,-3,-1,0,0,1,1,2,3,3,3,3,4,4,6,6,7,7,8,8,11,11,12,14,15,18,18,20,21,23,26,27,29,29,33,35,37,38,39,42,44,48,49,51,53,57,60,61,64,67,69,74,76,79,
-12,-12,-12,-12,-12,-12,0,0,0,0,0,0,-12,-12,-11,-11,-10,-10,-10,-10,-9,-9,-8,-8,-8,-8,-7,-6,-6,-6,-6,-6,-5,-5,-5,-5,-5,-5,-4,-4,-4,-3,-2,0,0,0,1,2,3,3,3,3,4,5,6,6,7,7,8,9,11,11,13,15,16,18,20,20,22,25,26,28,29,32,34,36,38,38,42,44,47,49,51,53,57,59,61,64,67,69,74,76,79,
-13,-13,-13,-13,-12,-12,0,0,0,0,0,0,-12,-12,-12,-12,-12,-12,-12,-11,-11,-10,-10,-9,-9,-8,-8,-8,-8,-7,-6,-6,-6,-6,-5,-5,-5,-5,-5,-5,-4,-4,-3,-2,0,0,0,1,2,3,3,3,4,4,5,6,7,7,8,8,11,11,12,14,15,18,20,20,21,24,26,28,29,30,33,36,38,38,42,44,47,49,51,53,57,59,61,64,67,68,74,76,78,
-13,-13,-13,-13,-13,-13,0,0,0,0,0,0,-12,-12,-12,-12,-12,-12,-12,-12,-12,-12,-12,-11,-10,-10,-9,-9,-8,-8,-8,-7,-6,-6,-6,-6,-5,-5,-5,-5,-5,-4,-4,-2,-2,0,0,0,2,2,3,3,3,4,4,5,6,7,7,8,10,11,11,14,15,16,20,20,20,24,26,27,29,30,33,35,38,38,41,45,46,49,50,52,55,59,61,64,68,68,74,77,78,
-15,-14,-13,-13,-13,-13,0,0,0,0,0,0,-13,-13,-12,-12,-12,-12,-12,-12,-12,-12,-12,-12,-12,-12,-11,-10,-9,-9,-9,-8,-8,-7,-6,-6,-6,-6,-5,-5,-5,-5,-5,-4,-2,-1,0,0,0,2,2,3,3,4,4,4,6,7,7,7,8,11,11,13,14,15,19,20,20,24,25,26,28,30,32,35,37,38,40,44,46,48,50,52,55,59,60,63,68,69,73,76,77,
-17,-17,-17,-16,-15,-15,0,0,0,0,0,0,-13,-13,-13,-13,-13,-12,-12,-12,-12,-12,-12,-12,-12,-12,-12,-12,-12,-10,-9,-9,-9,-8,-8,-7,-6,-6,-6,-5,-5,-5,-5,-5,-3,-2,-1,0,0,0,2,2,3,3,4,4,5,6,7,7,8,10,11,11,14,15,17,20,20,21,24,26,28,30,31,34,37,38,39,43,46,47,50,52,56,59,60,64,66,69,73,76,77,
-17,-17,-17,-17,-17,-17,0,0,0,0,0,0,-15,-15,-14,-14,-14,-13,-13,-12,-12,-12,-12,-12,-12,-12,-12,-12,-12,-12,-12,-10,-9,-9,-9,-8,-8,-7,-6,-6,-6,-5,-5,-5,-5,-3,-2,-1,0,0,2,2,2,3,3,4,4,5,7,7,7,9,11,11,14,16,17,20,20,21,24,26,27,30,31,34,37,38,40,43,46,47,50,52,56,59,60,64,67,69,73,76,77,
-18,-18,-18,-18,-18,-18,0,0,0,0,0,0,-17,-17,-17,-17,-16,-15,-15,-14,-14,-12,-12,-12,-12,-12,-12,-12,-12,-12,-12,-12,-12,-9,-9,-9,-9,-8,-8,-6,-6,-6,-5,-5,-5,-4,-2,-2,-1,0,0,2,2,3,3,4,4,4,6,7,7,8,10,11,12,15,16,19,20,20,24,25,28,29,31,34,36,37,40,42,46,46,50,52,56,59,59,64,67,69,72,76,79,
-18,-18,-18,-18,-18,-18,0,0,0,0,0,0,-18,-18,-17,-17,-17,-17,-17,-17,-17,-16,-15,-13,-12,-12,-12,-12,-12,-12,-12,-12,-12,-12,-12,-9,-9,-9,-9,-8,-7,-6,-6,-5,-5,-4,-4,-2,-1,-1,0,0,2,2,3,3,4,4,5,7,7,7,9,11,12,15,16,18,20,20,22,25,28,29,31,32,36,38,40,41,46,46,50,52,55,58,60,65,67,70,72,77,79,
-19,-19,-19,-19,-19,-19,0,0,0,0,0,0,-18,-18,-18,-18,-18,-18,-18,-17,-17,-17,-17,-17,-16,-14,-14,-12,-12,-12,-12,-12,-12,-12,-12,-12,-10,-9,-9,-9,-8,-8,-6,-6,-6,-4,-4,-4,-2,-1,-1,0,1,2,2,3,4,4,4,6,7,7,9,10,12,14,15,16,19,20,22,25,28,28,31,32,36,38,40,41,46,46,51,52,55,58,61,64,67,70,74,77,79,
-21,-21,-19,-19,-19,-19,0,0,0,0,0,0,-19,-19,-18,-18,-18,-18,-18,-18,-18,-18,-18,-17,-17,-16,-16,-16,-14,-12,-12,-12,-12,-12,-12,-12,-12,-11,-10,-9,-9,-9,-8,-6,-6,-5,-4,-4,-4,-2,-1,-1,0,2,2,2,4,4,4,4,7,7,7,9,12,14,15,16,19,20,23,24,27,28,30,32,37,38,40,41,46,47,50,53,55,59,61,64,67,71,73,77,79,
-22,-22,-22,-22,-22,-22,0,0,0,0,0,0,-19,-19,-19,-19,-19,-19,-19,-18,-18,-18,-18,-18,-18,-18,-17,-16,-16,-16,-15,-13,-12,-12,-12,-12,-12,-12,-12,-10,-9,-9,-9,-8,-6,-5,-5,-4,-4,-3,-1,-1,-1,1,2,2,3,4,4,4,6,7,7,10,11,14,14,16,17,20,23,23,27,28,30,33,36,37,39,41,46,47,48,53,56,59,61,64,68,71,75,77,79,
-23,-22,-22,-22,-22,-22,0,0,0,0,0,0,-22,-21,-21,-20,-19,-19,-19,-19,-19,-19,-18,-18,-18,-18,-17,-17,-17,-17,-16,-16,-16,-13,-12,-12,-12,-12,-12,-12,-10,-9,-9,-9,-7,-5,-5,-5,-4,-4,-3,-1,-1,0,1,2,2,4,4,4,5,7,7,9,10,13,14,16,17,20,23,23,27,28,30,33,35,37,39,42,46,48,48,53,55,59,61,65,68,70,75,78,79,
-24,-24,-24,-24,-23,-23,0,0,0,0,0,0,-22,-22,-22,-22,-22,-22,-21,-20,-20,-19,-19,-19,-19,-18,-18,-17,-17,-17,-17,-17,-16,-16,-16,-13,-12,-12,-12,-12,-11,-10,-10,-9,-8,-7,-7,-5,-5,-4,-4,-2,-1,-1,1,2,2,2,4,4,4,6,8,9,10,12,14,15,18,20,23,23,26,28,30,33,34,37,40,42,46,48,48,54,56,59,63,66,68,71,76,79,80,
-24,-24,-24,-24,-24,-24,0,0,0,0,0,0,-23,-23,-23,-22,-22,-22,-22,-22,-22,-22,-21,-20,-20,-19,-19,-18,-17,-17,-17,-17,-17,-17,-16,-16,-15,-13,-12,-12,-12,-11,-10,-10,-8,-8,-7,-7,-5,-5,-4,-2,-2,-1,-1,1,2,2,4,4,4,6,8,8,9,12,14,14,18,18,23,23,24,29,30,33,34,38,40,42,45,48,50,54,56,60,62,66,68,72,76,79,82,
-25,-25,-25,-24,-24,-24,0,0,0,0,0,0,-24,-24,-24,-24,-24,-23,-23,-23,-22,-22,-22,-22,-22,-21,-20,-20,-18,-18,-17,-17,-17,-17,-17,-17,-16,-16,-14,-12,-12,-12,-11,-10,-9,-8,-8,-7,-6,-5,-5,-4,-2,-2,-1,0,1,2,3,4,4,6,7,8,9,11,14,15,18,18,21,23,24,28,31,32,34,37,41,41,45,49,50,54,57,61,62,66,71,72,76,81,83,
-26,-26,-26,-26,-26,-26,0,0,0,0,0,0,-24,-24,-24,-24,0,0,0,0,0,0,-23,-23,-22,-22,-21,-21,-20,-19,-18,-18,-17,-17,-17,-17,-17,-17,-16,-15,-13,-12,-11,-10,-9,-9,-8,-8,-7,-5,-5,-4,-2,-2,-1,-1,1,2,2,4,5,6,6,8,9,10,14,15,16,18,21,24,24,28,31,31,35,37,41,41,46,49,50,55,57,61,62,67,71,72,77,81,84,
-28,-28,-28,-28,-27,-27,0,0,0,0,0,0,-26,-26,0,0,0,0,0,0,0,0,0,0,0,-23,-23,-23,-21,-20,-20,-20,-19,-18,-17,-17,-17,-17,-17,-16,-15,-14,-12,-10,-10,-9,-9,-8,-8,-7,-5,-5,-3,-2,-2,-1,0,1,2,4,5,5,6,7,10,11,13,15,15,19,22,24,24,28,31,32,35,38,40,42,46,49,51,54,58,62,63,68,70,75,78,80,85,
-28,-28,-28,-28,-28,-28,0,0,0,0,0,0,-27,-27,-26,-26,-26,-26,-26,-26,0,0,0,0,0,0,0,-23,-23,-21,-20,-20,-20,-20,-19,-17,-17,-17,-17,-17,-17,-15,-15,-11,-10,-10,-9,-9,-8,-8,-7,-5,-4,-2,-2,-2,-1,1,2,4,4,5,6,6,11,11,11,14,15,20,20,23,24,27,32,32,35,38,41,43,47,50,52,56,59,63,65,68,71,76,80,81,86,
-29,-29,-29,-28,-28,-28,0,0,0,0,0,0,-28,-28,-28,-28,-28,-27,-27,-27,-26,-26,0,0,0,0,0,0,-24,-22,-21,-21,-21,-20,-20,-20,-19,-17,-17,-17,-17,-17,-14,-13,-11,-10,-10,-9,-9,-8,-8,-7,-4,-4,-2,-2,-1,0,3,3,4,5,6,7,10,11,11,14,17,19,20,23,25,28,32,32,37,39,41,44,48,50,53,57,59,64,67,69,72,77,80,83,87,
-30,-30,-30,-30,-30,-30,0,0,0,0,0,0,-28,-28,-28,-28,-28,-28,-28,-28,-28,-27,-27,-27,0,0,0,0,0,-23,-23,-21,-21,-21,-21,-20,-20,-20,-17,-17,-17,-17,-16,-13,-13,-11,-10,-9,-9,-9,-8,-7,-5,-4,-3,-2,-2,1,2,3,4,4,6,8,8,11,11,16,17,19,20,23,26,28,32,34,36,39,41,45,48,50,54,57,59,64,67,70,73,77,81,85,89,
-31,-31,-31,-31,-31,-30,0,0,0,0,0,0,-30,-30,-29,-29,-29,-28,-28,-28,-28,-28,-28,-28,0,0,0,0,0,0,-24,-22,-22,-21,-21,-21,-21,-20,-20,-18,-17,-17,-16,-15,-13,-13,-11,-10,-9,-9,-9,-7,-6,-4,-4,-2,-1,0,1,3,4,4,7,8,8,11,12,15,17,19,20,25,26,28,33,34,36,39,42,45,48,52,54,58,61,65,68,73,74,79,82,86,90,
-33,-32,-32,-32,-32,-31,0,0,0,0,0,0,-30,-30,-30,-30,-30,-30,-30,-29,-29,-29,-28,-28,-28,0,0,0,0,0,0,-24,-23,-22,-21,-21,-21,-21,-20,-20,-19,-16,-16,-15,-14,-13,-13,-11,-10,-9,-9,-8,-7,-5,-4,-3,-1,-1,1,3,4,5,6,8,8,12,13,14,17,19,22,24,26,29,33,34,36,41,42,46,49,52,55,60,61,67,69,73,77,81,85,87,93,
-33,-33,-33,-33,-33,-33,0,0,0,0,0,0,-31,-31,-31,-31,-31,-30,-30,-30,-30,-30,-30,-29,-29,-29,0,0,0,0,0,-26,-24,-23,-23,-22,-21,-21,-21,-21,-20,-18,-17,-15,-15,-13,-13,-13,-11,-9,-9,-8,-8,-6,-5,-2,-1,-1,0,2,4,6,6,8,9,10,13,14,18,21,21,24,27,30,33,36,38,42,43,48,50,53,57,60,65,67,69,76,77,84,86,91,94,
-35,-35,-35,-35,-33,-33,0,0,0,0,0,0,-32,-32,-32,-32,-32,-32,-31,-31,-30,-30,-30,-30,-30,-30,0,0,0,0,0,0,-26,-25,-23,-23,-23,-21,-21,-21,-20,-19,-18,-16,-15,-14,-13,-13,-13,-11,-8,-8,-8,-6,-5,-3,-2,-1,0,3,4,6,6,9,9,11,13,15,17,21,21,26,28,30,34,37,38,43,45,48,51,55,58,62,65,69,72,76,80,84,88,93,97,
-37,-37,-37,-36,-36,-36,0,0,0,0,0,0,-33,-32,-32,-32,-32,-32,-32,-32,-32,-32,-32,-30,-30,-30,0,0,0,0,0,0,-26,-25,-25,-24,-23,-23,-22,-20,-20,-20,-19,-17,-16,-14,-14,-13,-13,-13,-8,-8,-8,-6,-5,-4,-2,-2,1,3,5,6,7,8,10,11,14,16,18,21,22,27,28,31,35,37,39,45,45,49,53,57,59,63,67,71,74,78,81,86,91,95,99,
-37,-37,-37,-37,-37,-37,0,0,0,0,0,0,-36,-35,-34,-33,-33,-32,-32,-32,-32,-32,-32,-32,-32,-32,0,0,0,0,0,0,-28,-26,-25,-25,-24,-24,-23,-21,-20,-20,-20,-18,-17,-17,-14,-13,-13,-13,-11,-8,-7,-6,-6,-5,-2,-1,1,2,5,7,7,8,10,12,12,17,18,22,23,27,29,31,35,38,40,46,46,51,54,58,61,64,68,72,76,81,84,88,93,97,101,
-38,-38,-38,-38,-38,-38,0,0,0,0,0,0,-37,-37,-37,-36,-36,-33,-33,-33,-33,-33,-32,-32,-32,-32,0,0,0,0,0,0,0,-29,-26,-25,-24,-24,-23,-23,-21,-20,-20,-19,-17,-17,-16,-14,-13,-12,-12,-8,-6,-6,-6,-5,-2,-1,0,3,6,7,7,8,11,12,13,18,19,21,24,27,30,33,36,38,42,46,48,53,55,61,62,66,70,74,78,83,87,91,96,100,104,
-40,-39,-39,-38,-38,-38,0,0,0,0,0,0,-38,-37,-37,-37,-37,-37,-35,-35,-34,-33,-33,-33,-33,-33,-32,0,0,0,0,0,0,-29,-28,-27,-25,-24,-23,-23,-23,-21,-20,-19,-18,-17,-16,-16,-14,-12,-11,-10,-7,-6,-6,-5,-3,-1,1,4,5,6,8,9,10,11,15,18,19,23,25,27,32,33,36,41,43,47,50,54,56,61,64,69,73,76,80,85,90,93,98,103,107,
-41,-40,-40,-40,-40,-40,0,0,0,0,0,0,-38,-38,-38,-38,-38,-38,-37,-36,-36,-35,-34,-34,-33,-33,-33,0,0,0,0,0,0,-30,-28,-28,-27,-24,-23,-23,-23,-23,-20,-20,-19,-18,-16,-16,-14,-11,-11,-10,-8,-6,-5,-5,-3,0,2,2,5,6,9,9,10,14,15,18,21,23,26,29,33,35,38,41,45,48,53,56,59,63,66,71,75,79,84,87,93,95,102,105,111,
-41,-41,-40,-40,-40,-40,0,0,0,0,0,0,-40,-40,-39,-39,-39,-38,-38,-38,-37,-37,-36,-36,-34,-34,0,0,0,0,0,0,0,-30,-29,-28,-27,-26,-24,-23,-23,-23,-22,-20,-20,-18,-16,-16,-15,-13,-11,-10,-8,-7,-5,-5,-4,0,2,2,5,8,9,9,12,14,15,20,22,23,28,30,34,36,39,44,45,51,53,58,61,65,68,72,77,80,86,90,96,101,104,110,115,
-41,-41,-40,-40,-40,-40,0,0,0,0,0,0,-40,-40,-40,-40,-40,-40,-39,-39,-39,-37,-37,-37,-37,-35,0,0,0,0,0,0,0,-31,-29,-28,-28,-27,-25,-24,-24,-23,-22,-21,-20,-19,-17,-15,-14,-14,-11,-10,-8,-7,-5,-5,-2,-1,2,3,7,8,9,11,13,13,18,20,23,26,28,31,36,38,42,45,49,51,55,60,62,68,70,76,80,85,88,94,98,103,108,112,118,
-45,-45,-43,-42,-42,-41,0,0,0,0,0,0,-40,-40,-40,-40,-40,-40,-40,-40,-40,-38,-38,-38,-38,-36,0,0,0,0,0,0,-32,-32,-31,-29,-28,-28,-25,-25,-24,-23,-22,-22,-21,-19,-18,-15,-14,-14,-12,-9,-8,-7,-6,-4,-1,-1,3,5,6,9,11,11,14,15,18,22,24,27,30,33,37,39,44,47,52,53,59,62,67,70,75,78,83,88,91,96,102,107,111,118,122,
-45,-45,-44,-44,-44,-44,0,0,0,0,0,0,-40,-40,-40,-40,-40,-40,-40,-40,-40,-40,-39,-39,-37,-37,0,0,0,0,0,0,-32,-31,-30,-30,-30,-28,-28,-25,-25,-23,-23,-22,-22,-20,-16,-16,-14,-14,-12,-9,-8,-8,-5,-2,-1,0,4,5,7,9,11,13,14,15,20,23,26,29,32,34,39,42,46,48,53,56,61,64,69,72,78,82,86,93,95,101,107,111,117,120,126,
-46,-45,-45,-44,-44,-44,0,0,0,0,0,0,-43,-43,-43,-42,-41,-40,-40,-40,-40,-40,-39,-38,-38,0,0,0,0,0,0,0,-33,-30,-30,-30,-30,-30,-28,-25,-24,-24,-23,-23,-21,-20,-16,-16,-16,-13,-12,-9,-9,-7,-4,-2,0,0,3,6,7,9,12,13,16,17,21,24,25,31,33,38,39,45,47,52,55,60,63,68,71,76,81,84,91,94,99,105,109,115,121,126,131,
-46,-46,-45,-45,-45,-45,0,0,0,0,0,0,-44,-43,-43,-43,-43,-43,-42,-42,-41,-40,-38,-38,-38,0,0,0,0,0,0,-35,-33,-31,-30,-30,-30,-30,-30,-27,-24,-24,-24,-22,-22,-19,-16,-16,-15,-13,-12,-9,-8,-6,-4,-1,0,1,5,6,9,10,13,15,16,20,22,25,28,31,36,38,42,46,51,54,58,62,66,71,75,79,84,87,93,99,104,108,114,121,126,131,138,
-47,-47,-47,-47,-46,-46,0,0,0,0,0,0,-44,-44,-44,-44,-43,-43,-43,-43,-43,-41,-39,-39,0,0,0,0,0,0,0,-34,-33,-32,-31,-30,-30,-30,-30,-28,-25,-24,-23,-22,-21,-20,-17,-15,-15,-14,-10,-9,-8,-6,-2,-1,1,2,4,8,8,11,15,15,20,20,23,28,30,34,38,41,46,48,54,56,61,65,70,74,79,83,88,94,98,103,109,116,119,124,131,137,142,
-48,-47,-47,-47,-47,-47,0,0,0,0,0,0,-45,-45,-44,-44,-44,-44,-43,-43,-42,-42,-41,0,0,0,0,0,0,0,-36,-35,-33,-33,-32,-32,-30,-30,-30,-28,-27,-24,-23,-23,-21,-19,-16,-15,-15,-14,-9,-9,-6,-6,-2,1,1,3,6,8,10,13,15,17,20,22,27,29,32,36,40,44,48,51,56,60,64,70,71,78,83,86,92,98,103,107,114,119,124,131,137,143,149,
-48,-48,-48,-48,-48,-47,0,0,0,0,0,0,-47,-46,-46,-45,-45,-45,-44,-43,-42,-42,0,0,0,0,0,0,0,-37,-36,-35,-34,-33,-33,-32,-31,-30,-28,-28,-26,-24,-23,-22,-21,-19,-17,-16,-14,-13,-9,-7,-7,-5,0,1,1,6,6,9,12,14,17,20,22,24,28,32,35,39,43,47,51,54,60,63,68,73,77,81,86,93,96,102,107,112,118,125,130,136,142,148,156,
-49,-49,-49,-49,-49,0,0,0,0,0,0,0,-47,-47,-47,-46,-46,-46,-44,0,0,0,0,0,0,0,0,0,-39,-38,-36,-35,-35,-34,-33,-32,-32,-30,-28,-27,-26,-25,-23,-21,-20,-18,-17,-15,-14,-13,-9,-7,-7,-3,0,2,3,6,7,11,13,15,20,21,23,26,30,34,37,43,45,52,53,59,62,67,72,76,80,87,91,96,103,107,112,118,125,131,136,143,150,156,163,
-50,0,0,0,0,0,0,0,0,0,0,0,0,0,0,0,0,0,0,0,0,0,0,0,0,0,-40,-39,-39,-39,-36,-35,-35,-34,-34,-33,-32,-31,-28,-27,-26,-25,-23,-21,-20,-18,-16,-15,-13,-11,-9,-6,-4,-2,1,3,6,7,8,13,14,18,21,22,27,29,34,37,41,44,48,53,56,62,67,70,76,80,85,92,95,102,108,112,119,125,130,136,143,150,157,164,171,
-51,0,0,0,0,0,0,0,0,0,0,0,0,0,0,0,0,0,0,0,0,0,0,-43,-42,-40,-40,-40,-39,-39,-37,-36,-35,-34,-34,-34,-30,-30,-28,-28,-26,-24,-23,-20,-19,-18,-16,-14,-11,-10,-8,-5,-4,0,2,4,7,9,10,15,15,21,22,25,28,33,36,39,44,47,52,56,61,65,70,77,79,84,91,96,100,107,112,119,125,132,136,142,149,157,164,171,178,
-52,-51,-51,-51,-51,-51,-50,-50,-49,-49,-49,-49,-49,-49,-48,-48,-48,-45,-45,-45,-44,-44,-44,-44,-41,-41,-40,-40,-40,-38,-37,-37,-36,-35,-34,-32,-30,-29,-29,-27,-24,-24,-23,-19,-19,-18,-15,-12,-12,-9,-7,-3,-2,2,3,5,9,10,12,15,19,21,25,28,30,36,38,43,47,52,55,60,65,69,75,79,85,92,94,101,108,112,119,125,131,137,144,151,158,165,173,180,188,
-52,-52,-52,-52,-52,-51,-51,-51,-50,-50,-50,-50,-48,-48,-48,-48,-48,-47,-47,-44,-44,-44,-43,-43,-43,-42,-41,-40,-39,-38,-37,-37,-36,-36,-32,-32,-32,-29,-28,-26,-24,-24,-21,-20,-18,-17,-14,-11,-10,-8,-5,-3,0,3,5,7,11,12,15,18,22,24,27,30,34,38,43,46,52,54,60,65,69,76,78,85,89,94,101,108,114,119,125,132,139,145,151,159,166,173,181,189,197,
-53,-53,-52,-52,-52,-52,-52,-52,-52,-51,-49,-49,-49,-49,-49,-48,-48,-47,-46,-46,-45,-43,-43,-43,-43,-42,-42,-40,-39,-38,-37,-37,-37,-34,-32,-32,-31,-28,-27,-26,-23,-23,-21,-19,-17,-16,-12,-11,-8,-5,-4,0,1,5,6,9,12,13,18,20,24,26,30,33,38,41,46,50,55,59,64,69,73,79,85,90,97,102,107,112,118,125,133,140,147,154,160,167,174,181,190,198,205,
-53,-53,-53,-53,-52,-52,-52,-51,-51,-51,-51,-50,-49,-49,-49,-49,-49,-47,-46,-45,-45,-44,-43,-43,-43,-42,-41,-41,-39,-38,-38,-36,-35,-33,-33,-31,-30,-27,-27,-25,-24,-22,-20,-19,-16,-14,-12,-8,-7,-4,-2,0,3,5,7,13,13,17,19,22,26,29,33,35,41,47,49,54,59,64,70,75,79,84,89,96,101,108,112,120,126,133,140,148,154,161,168,175,183,193,200,208,216,
-54,-54,-53,-53,-52,-52,-52,-51,-51,-51,-51,-51,-50,-50,-49,-49,-48,-46,-46,-46,-45,-45,-44,-43,-43,-41,-41,-41,-40,-38,-37,-35,-35,-34,-32,-30,-29,-26,-26,-25,-23,-21,-20,-17,-14,-14,-10,-8,-5,-3,0,2,4,8,12,14,16,20,22,27,28,33,36,41,44,49,55,58,63,68,73,80,85,89,96,102,108,114,121,127,133,140,148,154,161,168,176,185,193,202,211,219,226,
-54,-53,-53,-53,-53,-53,-52,-52,-52,-51,-51,-51,-51,-50,-50,-48,-46,-46,-46,-46,-46,-45,-45,-44,-42,-41,-41,-40,-39,-39,-36,-35,-34,-33,-31,-30,-28,-27,-25,-23,-22,-20,-18,-17,-13,-11,-9,-6,-3,-1,2,4,8,10,14,16,19,21,25,29,33,36,40,45,50,53,58,65,68,74,80,84,90,97,102,108,113,120,128,135,142,147,155,164,171,178,187,196,203,213,221,230,239,
-54,-54,-54,-54,-53,-53,-53,-53,-53,-52,-51,-51,-51,-48,-48,-47,-47,-46,-46,-46,-46,-46,-45,-44,-43,-41,-41,-39,-39,-38,-36,-34,-34,-33,-30,-29,-28,-27,-24,-23,-21,-18,-17,-15,-12,-10,-6,-4,-2,1,3,6,10,13,17,18,21,25,28,32,37,38,44,49,55,58,62,68,74,78,85,90,97,103,109,114,122,129,136,143,150,157,165,172,180,189,197,207,214,223,231,241,252,
-54,-54,-54,-54,-54,-54,-54,-53,-53,-53,-53,-50,-49,-48,-47,-47,-47,-47,-46,-46,-46,-45,-45,-44,-43,-40,-39,-39,-38,-37,-37,-34,-33,-30,-30,-29,-27,-25,-23,-22,-20,-17,-15,-14,-11,-7,-5,-4,1,2,6,9,12,15,18,21,25,28,31,35,40,44,47,54,57,63,70,74,79,86,90,95,102,109,114,121,129,137,143,150,158,167,174,181,191,199,207,216,225,235,244,255,262,
-54,-54,-54,-54,-54,-54,-54,-54,-53,-51,-51,-51,-51,-47,-47,-47,-47,-47,-47,-47,-45,-45,-45,-44,-42,-40,-38,-38,-37,-37,-37,-33,-30,-30,-30,-28,-26,-23,-22,-21,-19,-14,-13,-12,-6,-6,-2,0,2,4,9,11,16,18,21,24,27,32,35,39,44,48,54,58,64,69,72,79,86,91,97,104,111,118,124,130,137,144,152,159,167,175,184,192,200,210,220,229,237,246,257,267,279,
-54,-54,-54,-54,-53,-53,-53,-52,-52,-52,-52,-51,-50,-49,-48,-47,-47,-47,-46,-46,-45,-44,-44,-44,-41,-39,-38,-37,-37,-37,-35,-30,-30,-29,-29,-28,-23,-22,-20,-20,-15,-13,-13,-8,-6,-4,-2,2,4,9,11,14,17,21,25,27,32,34,40,44,47,53,57,63,70,74,79,85,91,96,103,111,118,123,131,138,146,153,161,169,177,187,195,204,212,221,230,241,250,261,270,282,292,
-54,-53,-53,-53,-52,-52,-52,-52,-52,-52,-51,-51,-49,-49,-48,-48,-46,-46,-46,-45,-45,-44,-43,-42,-39,-38,-38,-37,-36,-35,-33,-30,-29,-29,-28,-25,-22,-21,-20,-16,-14,-11,-10,-5,-4,-2,2,3,9,11,14,18,20,26,27,32,35,40,43,48,55,59,63,69,75,80,87,92,99,105,111,119,126,131,138,146,154,163,170,177,189,198,206,215,223,233,244,253,264,275,286,297,309,
-53,-53,-53,-52,-52,-52,-52,-52,-51,-51,-51,-51,-50,-50,-47,-47,-47,-45,-45,-45,-45,-44,-41,-40,-39,-39,-37,-35,-34,-34,-32,-30,-29,-28,-27,-22,-21,-21,-17,-15,-12,-10,-8,-4,-3,2,3,7,11,14,18,21,25,29,32,35,41,44,48,53,58,64,69,74,80,87,93,99,105,111,118,127,133,141,149,156,164,172,182,189,201,208,216,226,237,247,256,269,279,288,301,312,325,
-54,-54,-53,-53,-52,-52,-51,-51,-51,-51,-51,-50,-49,-49,-48,-46,-46,-46,-45,-44,-42,-42,-40,-40,-39,-38,-36,-34,-33,-32,-31,-29,-27,-26,-24,-22,-19,-18,-15,-12,-10,-7,-4,-2,0,5,6,11,14,16,20,24,30,31,35,41,44,48,53,59,64,69,75,82,87,93,100,107,114,121,129,134,141,150,158,167,175,185,192,201,211,220,231,240,250,261,272,282,294,304,318,329,341,
-55,-54,-54,-53,-52,-52,-51,-51,-51,-50,-49,-49,-48,-48,-47,-46,-46,-46,-42,-42,-42,-41,-40,-38,-37,-37,-34,-34,-32,-31,-30,-28,-25,-24,-22,-19,-18,-15,-13,-10,-7,-5,-2,0,4,7,9,14,16,21,24,29,33,36,39,45,51,53,58,66,70,76,83,89,93,99,107,114,122,130,137,144,152,159,169,177,185,194,205,214,223,233,244,253,264,275,286,299,309,322,334,346,359,
-55,-54,-53,-53,-53,-52,-50,-50,-49,-48,-48,-48,-48,-48,-47,-46,-43,-43,-42,-42,-41,-40,-39,-37,-35,-35,-34,-33,-31,-30,-27,-26,-24,-22,-20,-17,-15,-13,-10,-7,-6,-3,1,4,7,10,14,16,21,25,29,33,37,40,45,49,54,60,65,70,75,83,88,95,101,108,116,123,131,137,144,154,161,170,179,188,198,207,216,226,237,246,258,269,280,291,302,315,326,340,353,364,379,
-54,-53,-52,-52,-52,-51,-50,-48,-48,-48,-48,-48,-48,-44,-44,-44,-43,-43,-41,-40,-39,-39,-36,-35,-35,-34,-32,-32,-29,-27,-27,-23,-22,-19,-18,-14,-13,-9,-7,-5,-3,1,4,6,11,14,18,20,25,29,34,37,42,45,50,56,59,65,72,78,83,89,97,104,111,118,124,131,139,145,156,165,173,183,191,199,209,220,230,240,250,261,273,285,296,307,319,332,343,357,371,386,398,
-51,-51,-51,-51,-51,-50,-49,-49,-48,-48,-45,-45,-44,-44,-44,-44,-42,-41,-39,-39,-37,-36,-36,-35,-33,-32,-31,-29,-27,-25,-23,-21,-19,-18,-14,-12,-10,-7,-5,-3,0,3,7,11,14,18,21,27,30,35,36,42,46,51,56,59,65,73,79,83,89,97,105,112,119,126,133,141,150,158,168,175,184,194,202,212,223,232,242,256,264,277,287,302,312,325,338,350,364,378,391,405,420,
