-7,-7,-7,-7,-6,-5,-5,-5,-5,-5,-5,0,0,0,0,0,0,0,0,-5,-5,-5,-5,-5,-5,-5,-5,-5,-5,-5,-5,-5,-5,-5,-5,-5,-4,-4,-4,-3,-2,-2,0,0,0,0,0,0,0,0,0,0,0,0,0,0,1,1,1,1,1,1,3,4,4,4,4,4,7,7,8,9,10,10,11,11,13,14,14,16,17,17,18,20,21,21,22,24,26,26,
-7,-7,-7,-7,-7,-7,-7,-7,0,0,0,0,0,0,0,0,0,0,0,0,0,-5,-5,-5,-5,-5,-5,-5,-5,-5,-5,-5,-5,-5,-5,-5,-5,-5,-4,-4,-3,-2,-2,0,0,0,0,0,0,0,0,0,0,0,0,0,0,1,1,1,1,1,2,4,4,4,4,4,6,7,7,9,9,10,11,11,12,14,14,16,17,17,18,19,21,21,22,24,26,26,
-8,-8,-8,-8,-8,-8,-8,0,0,0,0,0,0,0,-7,-7,-6,-5,0,0,0,0,0,-5,-5,-5,-5,-5,-5,-5,-5,-5,-5,-5,-5,-5,-5,-5,-5,-4,-4,-3,-2,-1,0,0,0,0,0,0,0,0,0,0,0,0,0,1,1,1,1,1,1,3,4,4,4,4,5,7,7,9,9,10,10,11,12,14,14,15,17,17,18,19,21,21,22,24,26,26,
-8,-8,-8,-8,-8,0,0,0,0,0,0,0,-7,-7,-7,-7,-7,-7,-7,-7,0,0,0,0,-5,-5,-5,-5,-5,-5,-5,-5,-5,-5,-5,-5,-5,-5,-5,-5,-4,-4,-3,-3,0,0,0,0,0,0,0,0,0,0,0,0,0,0,1,1,1,1,1,2,4,4,4,4,4,7,7,9,9,10,10,11,12,14,14,15,16,17,18,19,21,21,22,24,26,26,
-9,-9,-9,-9,0,0,0,0,0,0,0,-8,-8,-8,-8,-8,-7,-7,-7,-7,-7,0,0,0,0,-5,-5,-5,-5,-5,-5,-5,-5,-5,-5,-5,-5,-5,-5,-5,-5,-4,-4,-3,-2,0,0,0,0,0,0,0,0,0,0,0,0,0,1,1,1,1,1,2,4,4,4,4,4,6,7,9,9,10,10,11,12,14,14,15,16,17,18,19,21,22,22,24,26,26,
-9,-9,-9,-9,0,0,0,0,0,0,-9,-8,-8,-8,-8,-8,-8,-8,-8,-7,-7,-7,0,0,0,0,-6,-5,-5,-5,-5,-5,-5,-5,-5,-5,-5,-5,-5,-5,-5,-5,-5,-4,-3,-2,0,0,0,0,0,0,0,0,0,0,0,0,0,1,1,1,1,1,3,4,4,4,4,6,8,9,9,9,10,11,12,13,15,15,16,17,18,19,21,22,22,24,26,26,
-9,-9,-9,0,0,0,0,0,0,-9,-9,-9,-9,-9,-9,-8,-8,-8,-8,-8,-8,-8,0,0,0,0,0,-7,-7,-5,-5,-5,-5,-5,-5,-5,-5,-5,-5,-5,-5,-5,-5,-5,-4,-2,-2,0,0,0,0,0,0,0,0,0,0,0,0,1,1,1,1,1,2,4,4,4,4,5,8,9,9,9,10,10,11,13,15,15,16,17,18,19,22,22,22,24,26,26,
-9,-9,0,0,0,0,0,0,0,-9,-9,-9,-9,-9,-9,-9,-9,-9,-9,-8,-8,-8,-8,0,0,0,0,0,-7,-7,-7,-5,-5,-5,-5,-5,-5,-5,-5,-5,-5,-5,-5,-5,-5,-2,-2,0,0,0,0,0,0,0,0,0,0,0,0,0,1,1,1,1,1,4,4,4,4,6,7,8,9,9,10,10,11,14,15,15,16,17,18,19,22,22,22,24,26,27,
-9,-9,0,0,0,0,0,0,-9,-9,-9,-9,-9,-9,-9,-9,-9,-9,-9,-9,-9,-9,-8,0,0,0,0,0,-7,-7,-7,-7,-7,-5,-5,-5,-5,-5,-5,-5,-5,-5,-5,-5,-5,-4,-2,-2,0,0,0,0,0,0,0,0,0,0,0,0,1,1,1,1,1,3,4,4,4,6,7,8,9,9,10,10,12,14,15,15,16,17,19,20,21,22,23,24,26,27,
-10,-10,0,0,0,0,0,0,-9,-9,-9,-9,-9,-9,-9,-9,-9,-9,-9,-9,-9,-9,-9,0,0,0,0,0,-8,-7,-7,-7,-7,-7,-7,-5,-5,-5,-5,-5,-5,-5,-5,-5,-5,-4,-4,-2,-1,0,0,0,0,0,0,0,0,0,0,0,0,1,1,1,1,3,4,4,4,6,6,8,9,9,9,10,13,14,15,15,16,16,20,20,21,22,23,25,27,27,
-11,0,0,0,0,0,0,-10,-10,-10,-9,-9,-9,-9,-9,-9,-9,-9,-9,-9,-9,-9,-9,0,0,0,0,0,0,-8,-8,-7,-7,-7,-7,-7,-5,-5,-5,-5,-5,-5,-5,-5,-5,-4,-4,-4,-2,-1,0,0,0,0,0,0,0,0,0,0,0,1,1,1,1,2,4,4,5,6,6,8,9,9,9,11,13,14,15,15,16,16,20,20,21,22,23,25,27,27,
-12,0,0,0,0,0,0,-10,-10,-10,-10,-10,-10,-10,-10,-10,-9,-9,-9,-9,-9,-9,-9,0,0,0,0,0,0,-8,-8,-8,-7,-7,-7,-7,-7,-7,-5,-5,-5,-5,-5,-5,-5,-4,-4,-4,-2,-1,-1,0,0,0,0,0,0,0,0,0,0,0,1,1,1,1,3,5,5,6,6,8,9,9,9,11,13,14,15,15,15,18,20,20,21,22,25,25,27,27,
-12,0,0,0,0,0,0,-12,-12,-11,-10,-10,-10,-10,-10,-10,-10,-10,-10,-10,-10,-9,-9,-9,0,0,0,0,0,-8,-8,-8,-8,-8,-7,-7,-7,-7,-7,-5,-5,-5,-5,-5,-5,-4,-4,-4,-4,-1,-1,0,0,0,0,0,0,0,0,0,0,0,1,1,1,1,3,5,6,6,6,7,9,9,10,12,13,14,14,15,16,18,20,20,21,22,25,26,27,27,
-12,0,0,0,0,0,0,-12,-12,-12,-12,-12,-12,-11,-11,-10,-10,-10,-10,-10,-10,-10,-10,-10,0,0,0,0,0,-9,-8,-8,-8,-8,-8,-7,-7,-7,-7,-7,-7,-5,-5,-5,-4,-4,-4,-4,-4,-2,-1,-1,0,0,0,0,0,0,0,0,0,0,1,1,1,1,4,5,6,6,6,7,9,10,11,12,13,14,14,16,17,18,20,20,21,24,25,26,27,30,
-12,0,0,0,0,0,0,-12,-12,-12,-12,-12,-12,-12,-12,-11,-11,-11,-11,-11,-10,-10,-10,-10,0,0,0,0,0,-9,-9,-8,-8,-8,-8,-8,-7,-7,-7,-7,-7,-7,-5,-5,-4,-4,-4,-4,-4,-3,-2,-1,-1,0,0,0,0,0,0,0,0,0,0,1,1,1,3,6,6,6,6,6,9,10,11,12,13,14,14,17,17,19,20,20,23,25,25,26,28,30,
-13,0,0,0,0,0,0,-12,-12,-12,-12,-12,-12,-12,-12,-12,-11,-11,-11,-11,-11,-11,-11,-10,0,0,0,0,0,-9,-9,-8,-8,-8,-8,-8,-8,-7,-7,-7,-7,-7,-7,-5,-4,-4,-4,-4,-4,-3,-2,-1,-1,0,0,0,0,0,0,0,0,0,0,1,1,2,3,5,6,6,6,6,10,11,11,12,14,14,15,17,18,19,20,22,23,25,25,26,29,30,
-13,0,0,0,0,0,0,-12,-12,-12,-12,-12,-12,-12,-12,-12,-12,-12,-11,-11,-11,-11,-11,0,0,0,0,0,0,-10,-10,-9,-8,-8,-8,-8,-8,-8,-7,-7,-7,-7,-7,-7,-4,-4,-4,-4,-4,-3,-2,-2,-1,-1,0,0,0,0,0,0,0,0,0,1,2,2,4,5,6,6,6,8,10,11,11,12,14,15,16,17,19,19,21,22,24,25,25,29,30,30,
-14,0,0,0,0,0,0,-13,-13,-13,-13,-12,-12,-12,-12,-12,-12,-12,-12,-11,-11,-11,-11,0,0,0,0,0,0,-10,-10,-10,-9,-8,-8,-8,-8,-8,-8,-7,-7,-7,-7,-7,-6,-4,-4,-4,-4,-3,-2,-2,-2,-1,0,0,0,0,0,0,0,0,0,0,2,3,4,5,6,6,6,8,11,11,11,11,15,16,16,17,19,20,22,22,24,25,27,30,30,30,
-14,0,0,0,0,0,0,-14,-14,-14,-13,-13,-13,-13,-13,-12,-12,-12,-12,-12,-11,-11,-11,0,0,0,0,0,0,-11,-11,-10,-10,-9,-9,-8,-8,-8,-8,-7,-7,-7,-7,-6,-6,-6,-4,-4,-3,-3,-2,-2,-2,-1,-1,0,0,0,0,0,0,0,0,1,2,4,4,5,6,6,8,9,11,11,11,13,15,16,16,18,20,21,22,23,25,27,27,30,30,33,
-14,-14,0,0,0,0,0,-14,-14,-14,-14,-14,-14,-14,-14,-14,-13,-12,-12,-12,-11,-11,-11,0,0,0,0,0,0,-11,-11,-11,-11,-9,-9,-9,-9,-8,-8,-7,-7,-7,-7,-6,-6,-6,-6,-4,-3,-3,-2,-2,-2,-2,-1,0,0,0,0,0,0,0,1,1,3,4,4,5,6,7,8,9,11,11,13,13,16,16,17,19,21,21,23,23,27,27,28,30,32,34,
-14,-14,0,0,0,0,0,-14,-14,-14,-14,-14,-14,-14,-14,-14,-14,-14,-14,-13,-13,-11,0,0,0,0,0,0,0,-11,-11,-11,-11,-11,-10,-9,-9,-9,-8,-7,-7,-7,-7,-6,-6,-6,-6,-4,-3,-3,-2,-2,-2,-2,-1,-1,0,0,0,0,0,0,1,1,3,4,4,5,6,8,9,9,11,11,13,14,16,16,18,20,21,21,23,26,27,28,30,32,33,35,
-15,-15,0,0,0,0,0,-14,-14,-14,-14,-14,-14,-14,-14,-14,-14,-14,-14,-14,-14,-12,0,0,0,0,0,0,-11,-11,-11,-11,-11,-11,-10,-10,-9,-9,-9,-8,-7,-7,-6,-6,-6,-6,-6,-6,-3,-3,-2,-2,-2,-2,-2,-1,0,0,0,0,0,1,1,2,3,4,4,6,6,9,9,9,11,13,14,14,16,18,18,20,21,22,24,26,28,29,31,33,33,37,
-15,-15,-15,0,0,0,0,0,-15,-15,-14,-14,-14,-14,-14,-14,-14,-14,-14,-14,-14,0,0,0,0,0,0,0,-11,-11,-11,-11,-11,-11,-10,-10,-10,-9,-9,-9,-8,-7,-6,-6,-6,-6,-6,-5,-4,-3,-2,-2,-2,-2,-2,-1,0,0,0,0,1,1,1,3,3,4,5,6,7,9,9,9,13,14,14,15,18,18,19,21,23,24,26,27,29,31,33,33,36,38,
-15,-15,-15,0,0,0,0,0,-15,-15,-15,-15,-15,-15,-15,-14,-14,-14,-14,-14,-14,0,0,0,0,0,0,-12,-12,-11,-11,-11,-11,-11,-10,-10,-10,-10,-9,-9,-8,-7,-6,-6,-6,-6,-6,-5,-4,-4,-2,-2,-2,-2,-2,-2,0,0,0,1,1,1,3,3,3,4,5,7,8,9,9,11,12,14,14,16,18,19,19,23,23,25,27,28,30,32,34,35,37,38,
-15,-15,-15,-15,0,0,0,0,0,-15,-15,-15,-15,-15,-15,-15,-15,-15,-14,-14,0,0,0,0,0,0,-12,-12,-12,-12,-12,-12,-11,-11,-10,-10,-10,-10,-9,-9,-8,-7,-7,-6,-6,-6,-6,-5,-4,-3,-2,-2,-2,-2,-2,-2,0,0,0,1,1,1,3,3,3,5,6,8,8,9,10,12,13,14,16,17,19,19,22,23,24,26,28,29,31,33,35,37,39,41,
-17,-17,-17,-16,-16,0,0,0,0,0,-15,-15,-15,-15,-15,-15,-15,-15,-15,0,0,0,0,0,0,-12,-12,-12,-12,-12,-12,-12,-12,-11,-10,-10,-10,-10,-10,-9,-7,-7,-7,-7,-6,-6,-5,-5,-4,-3,-3,-2,-2,-2,-2,-1,-1,0,1,1,1,3,3,3,4,5,8,8,8,10,12,13,14,15,17,19,19,22,23,24,25,28,29,31,33,34,37,38,40,42,
-17,-17,-17,-17,-17,-16,0,0,0,0,0,-16,-16,-16,-15,-15,-15,0,0,0,0,0,0,0,-13,-13,-12,-12,-12,-12,-12,-12,-12,-12,-11,-10,-10,-10,-10,-9,-7,-7,-7,-7,-6,-6,-5,-5,-4,-3,-3,-2,-2,-2,-2,-1,-1,1,1,1,2,3,3,4,4,8,8,8,9,10,13,13,15,17,18,19,20,22,24,24,27,29,29,33,34,37,38,39,42,43,
-17,-17,-17,-17,-17,-17,-17,-16,0,0,0,0,0,0,0,0,0,0,0,0,0,0,0,-14,-13,-13,-13,-12,-12,-12,-12,-12,-12,-12,-11,-11,-10,-10,-10,-8,-7,-7,-7,-7,-7,-6,-5,-5,-3,-3,-3,-2,-2,-2,-2,-1,0,1,1,1,3,3,4,4,4,8,8,9,9,13,13,14,16,18,18,20,22,23,25,27,29,29,32,34,36,38,39,43,43,47,
-17,-17,-17,-17,-17,-17,-17,-17,-17,-16,0,0,0,0,0,0,0,0,0,0,0,-14,-14,-14,-14,-14,-13,-12,-12,-12,-12,-12,-12,-12,-11,-11,-11,-10,-10,-9,-7,-7,-7,-7,-7,-5,-5,-5,-3,-3,-3,-3,-2,-2,-2,0,0,1,1,2,3,4,4,4,7,8,9,9,13,13,14,14,18,18,20,22,23,25,27,28,30,32,34,36,38,39,43,44,47,48,
-17,-17,-17,-17,-17,-17,-17,-17,-17,-17,-16,-16,-16,-16,-16,-16,-16,-16,-16,-16,-16,-15,-15,-15,-14,-14,-14,-13,-12,-12,-12,-12,-12,-12,-11,-11,-11,-10,-9,-9,-7,-7,-7,-7,-7,-5,-5,-5,-3,-3,-3,-3,-2,-2,0,0,0,1,2,3,4,4,4,6,7,9,9,11,13,14,14,18,19,19,21,23,24,27,28,30,32,34,36,37,39,42,44,47,48,50,
-17,-17,-17,-17,-17,-17,-17,-17,-17,-17,-17,-16,-16,-16,-16,-16,-16,-16,-16,-16,-15,-15,-15,-15,-15,-14,-14,-14,-12,-12,-12,-12,-12,-11,-11,-11,-11,-10,-9,-9,-7,-7,-7,-7,-6,-6,-5,-4,-3,-3,-3,-2,-2,-1,0,0,1,2,3,4,4,4,5,8,9,9,11,13,14,14,16,19,19,21,23,24,26,28,30,32,33,36,38,40,42,44,47,49,51,53,
-18,-18,-17,-17,-17,-17,-17,-17,-17,-17,-17,-16,-16,-16,-16,-16,-16,-16,-16,-16,-15,-15,-15,-15,-15,-15,-15,-14,-13,-12,-12,-12,-12,-11,-11,-11,-10,-10,-9,-8,-7,-7,-7,-6,-6,-6,-5,-4,-3,-3,-3,-2,-1,-1,0,0,2,2,4,4,4,5,7,8,9,10,12,14,14,16,19,19,21,24,24,26,29,29,32,34,36,38,40,42,45,46,49,51,54,56,
-19,-19,-19,-18,-17,-17,-17,-17,-17,-17,-17,-17,-16,-16,-16,-16,-16,-16,-16,-15,-15,-15,-15,-15,-15,-15,-15,-15,-13,-12,-12,-12,-12,-11,-11,-10,-10,-10,-10,-8,-7,-7,-7,-6,-6,-6,-4,-4,-3,-3,-3,-1,-1,0,0,1,2,4,4,4,5,7,8,9,10,12,13,14,16,19,19,21,24,24,26,29,29,32,34,36,38,41,43,45,46,50,51,54,56,59,
-20,-20,-20,-20,-20,-19,-17,-17,-17,-17,-17,-17,-16,-16,-16,-16,-16,-16,-15,-15,-15,-15,-15,-15,-15,-15,-15,-15,-14,-13,-12,-12,-11,-11,-10,-10,-10,-10,-10,-8,-7,-7,-6,-6,-6,-6,-4,-4,-3,-3,-2,-1,-1,0,0,2,4,4,4,5,7,7,8,10,12,13,14,16,17,19,21,22,24,26,29,29,32,34,36,39,40,43,44,47,50,51,55,56,61,62,
-20,-20,-20,-20,-20,-20,-20,-19,-19,-18,-17,-17,-16,-16,-16,-16,-16,-15,-15,-15,-15,-15,-15,-15,-15,-15,-15,-15,-14,-14,-12,-12,-11,-10,-10,-10,-10,-10,-9,-8,-7,-6,-6,-6,-6,-5,-4,-3,-3,-2,-2,-1,-1,0,2,4,4,4,5,7,7,8,10,12,12,14,17,17,19,21,22,24,27,29,29,32,34,36,39,40,43,45,48,50,52,56,57,61,63,66,
-20,-20,-20,-20,-20,-20,-20,-20,-19,-19,-19,-18,-17,-16,-16,-16,-15,-15,-15,-15,-15,-15,-15,-15,-15,-15,-15,-15,-14,-14,-14,-11,-10,-10,-10,-10,-10,-10,-9,-8,-7,-6,-6,-6,-6,-5,-4,-3,-2,-2,-2,-1,0,2,2,4,4,5,6,7,7,9,12,12,13,17,17,18,22,22,24,27,27,30,32,34,37,39,40,43,45,48,50,53,56,59,61,64,66,71,
-20,-20,-20,-20,-20,-20,-20,-20,-20,-19,-19,-19,-18,-17,-16,-16,-15,-15,-15,-15,-15,-15,-15,-15,-15,-15,-15,-15,-14,-14,-13,-10,-10,-10,-10,-10,-10,-9,-9,-9,-6,-6,-6,-6,-5,-5,-4,-2,-2,-2,-2,-1,2,2,3,4,6,6,7,7,10,12,12,13,17,17,18,22,22,23,27,27,32,32,34,37,39,42,43,47,48,50,53,55,59,62,65,68,71,73,
-20,-20,-20,-20,-20,-20,-20,-20,-20,-20,-19,-18,-17,-17,-17,-16,-16,-16,-15,-15,-15,-15,-15,-15,-15,-15,-15,-15,-14,-14,-12,-11,-10,-10,-10,-10,-10,-9,-9,-8,-6,-6,-6,-5,-5,-5,-2,-2,-2,-2,-1,2,2,3,4,6,6,7,7,10,11,12,13,16,17,17,22,22,24,27,27,32,32,35,37,39,42,43,47,48,52,53,57,60,63,65,68,72,75,78,
-20,-20,-20,-20,-20,-20,-20,-20,-20,-20,-19,-17,-17,-17,-17,-17,-16,-16,-16,-15,-15,-15,-15,-15,-15,-15,-15,-14,-14,-12,-12,-11,-10,-10,-10,-10,-9,-9,-8,-8,-6,-6,-6,-5,-5,-3,-2,-2,-2,-2,1,2,3,3,6,6,7,7,9,11,12,14,16,17,19,21,22,25,27,27,32,32,36,37,38,42,42,47,48,52,55,57,61,63,67,69,73,75,78,83,
-20,-20,-20,-20,-20,-20,-20,-20,-19,-19,-17,-17,-17,-17,-17,-17,-17,-16,-16,-16,-16,-15,-15,-15,-15,-15,-15,-14,-12,-12,-12,-11,-10,-10,-10,-10,-9,-8,-8,-7,-6,-6,-5,-4,-4,-2,-2,-2,-1,0,2,3,3,6,6,7,8,9,11,11,14,16,16,19,21,22,24,26,28,31,32,36,37,40,42,45,47,51,52,57,57,62,64,67,71,73,77,80,83,87,
-20,-20,-20,-20,-20,-20,-19,-19,-19,-18,-17,-17,-17,-17,-17,-17,-17,-17,-16,-16,-16,-16,-15,-15,-15,-15,-13,-12,-12,-12,-12,-11,-11,-10,-10,-9,-8,-8,-8,-7,-6,-5,-4,-4,-4,-2,-2,-1,0,1,3,4,5,6,7,8,9,11,12,14,16,16,19,21,23,24,26,29,31,33,36,38,40,42,45,47,51,53,57,58,62,65,67,72,75,77,82,85,88,92,
-20,-20,-20,-19,-19,-19,-19,-18,-18,-18,-17,-17,-17,-17,-17,-17,-17,-17,-16,-16,-16,-16,-16,-15,-15,-14,-12,-12,-12,-12,-12,-11,-11,-10,-9,-8,-8,-8,-8,-6,-5,-4,-4,-4,-3,-2,-1,0,0,2,4,5,5,7,8,9,11,12,13,16,17,19,21,22,25,27,29,31,34,36,38,40,43,45,48,51,53,57,60,63,66,69,72,76,79,82,86,90,93,97,
-20,-19,-19,-19,-19,-19,-18,-18,-18,-18,-17,-17,-17,-17,-17,-17,-17,-17,-16,-16,-16,-16,-16,-14,-14,-12,-12,-12,-12,-12,-12,-11,-11,-10,-8,-8,-8,-8,-7,-5,-4,-4,-4,-4,-2,-1,0,0,2,4,5,5,8,9,9,10,12,13,15,17,18,22,23,25,27,29,32,34,37,39,41,44,47,50,52,55,58,60,64,68,70,73,77,80,84,88,91,94,99,103,
-20,-20,-20,-19,-18,-18,-18,-18,-18,-17,-17,-17,-17,-17,-17,-17,-17,-17,-17,-16,-16,-15,-15,-14,-12,-12,-12,-12,-12,-12,-11,-11,-11,-8,-8,-8,-8,-8,-6,-4,-4,-4,-4,-2,0,0,0,1,4,5,5,8,9,9,11,13,13,16,18,18,22,23,25,28,29,32,34,37,39,42,45,47,50,52,55,59,61,65,68,71,75,78,81,85,89,93,97,100,104,109,
-20,-20,-19,-19,-19,-19,-18,-18,-17,-17,-17,-17,-17,-17,-17,-17,-17,-17,-17,-15,-15,-15,-14,-13,-12,-12,-12,-12,-12,-12,-11,-11,-9,-8,-8,-8,-7,-6,-5,-4,-4,-4,-2,-1,0,0,1,5,5,5,7,9,9,11,13,13,15,18,18,21,23,25,28,30,33,35,37,39,42,46,48,51,53,56,60,62,66,70,71,76,80,83,86,91,95,99,102,106,111,115,
-19,-19,-19,-19,-19,-19,-19,-17,-17,-17,-17,-17,-17,-17,-17,-17,-16,-16,-15,-15,-14,-14,-13,-13,-12,-12,-12,-12,-12,-11,-10,-9,-9,-8,-8,-7,-7,-5,-4,-4,-3,-3,-1,0,0,1,4,5,6,7,9,9,11,13,14,15,18,20,22,23,25,28,30,33,35,38,40,43,45,48,51,55,56,61,64,66,71,74,76,81,86,87,91,96,101,105,108,112,117,121,
-19,-19,-19,-19,-19,-19,-18,-18,-18,-17,-17,-17,-17,-17,-16,-16,-16,-16,-15,-14,-14,-13,-13,-13,-12,-12,-12,-12,-12,-10,-9,-9,-8,-7,-7,-7,-5,-5,-4,-3,-3,-1,-1,1,1,4,5,6,8,8,10,11,13,14,16,18,20,21,24,26,29,30,33,35,39,40,44,45,50,52,55,57,61,65,67,71,75,79,81,86,90,94,97,101,106,111,116,121,125,130,
