-8,0,0,0,0,0,0,0,0,0,0,0,0,0,0,0,0,0,0,0,0,0,0,0,0,0,0,0,0,0,0,0,-5,-5,-5,-5,-5,-4,-3,-2,1,1,1,1,3,3,4,4,4,5,5,6,6,6,8,9,9,10,11,12,12,12,14,17,18,20,20,20,22,24,28,30,30,32,34,36,38,39,43,44,47,49,52,53,55,56,62,63,65,69,71,72,78,80,82,86,
-11,0,0,0,0,0,0,0,0,0,0,0,0,0,0,0,0,0,0,0,0,0,0,0,0,0,0,0,0,0,0,0,-5,-5,-5,-5,-5,-5,-4,-3,-2,0,0,1,1,3,3,4,4,4,5,6,6,6,6,8,9,9,10,12,12,12,14,17,18,20,20,20,22,23,27,29,30,32,34,35,38,39,42,44,45,48,51,53,53,58,61,63,66,68,71,74,78,80,83,86,
-11,-11,-11,-11,-11,0,0,0,0,0,0,0,0,0,0,0,0,0,0,0,0,0,0,0,0,0,0,0,0,0,0,0,-5,-5,-5,-5,-5,-5,-5,-5,-3,-3,0,0,1,3,3,4,4,4,4,5,6,6,6,8,9,9,9,11,12,12,13,16,17,18,20,20,21,24,26,28,30,32,33,34,36,39,41,43,45,49,51,53,54,58,60,64,65,68,71,74,77,80,83,87,
-11,-11,-11,-11,-11,-11,0,0,0,0,0,0,-11,-11,-10,-9,-9,-8,-8,-8,-7,-7,-7,-7,-6,-6,-6,0,0,0,0,0,0,-5,-5,-5,-5,-5,-5,-5,-4,-3,-3,-1,0,0,3,3,4,4,4,5,5,6,6,6,8,9,9,10,12,12,13,15,17,18,20,20,21,24,26,28,30,31,33,34,36,39,41,43,46,48,50,54,54,58,60,64,65,69,70,74,79,80,84,87,
-12,-12,-12,-11,-11,-11,0,0,0,0,0,0,-11,-11,-11,-11,-11,-11,-9,-9,-9,-9,-8,-8,-7,-7,-7,-6,-6,0,0,0,0,-5,-5,-5,-5,-5,-5,-5,-4,-4,-3,-3,-1,0,0,3,3,4,4,4,5,5,6,6,8,9,9,9,11,12,13,13,17,17,18,20,21,23,25,27,31,31,32,34,37,39,41,43,46,47,50,52,55,58,61,64,65,69,71,75,79,81,84,85,
-13,-13,-13,-13,-12,-12,0,0,0,0,0,0,-11,-11,-11,-11,-11,-11,-11,-11,-11,-9,-9,-9,-9,-8,-8,-7,-7,-6,0,0,0,-6,-5,-5,-5,-5,-5,-5,-4,-4,-4,-3,-3,0,0,0,3,3,4,4,4,5,6,6,7,8,9,9,10,12,13,13,16,17,18,21,21,22,25,27,30,31,32,34,37,40,41,43,47,47,51,52,55,57,61,63,65,69,72,74,78,81,84,88,
-13,-13,-13,-13,-13,-13,0,0,0,0,0,0,-12,-12,-12,-11,-11,-11,-11,-11,-11,-11,-11,-11,-9,-9,-9,-9,-8,-7,-7,0,0,0,-6,-5,-5,-5,-5,-5,-5,-4,-4,-4,-3,-2,0,0,1,3,3,4,4,5,5,6,6,7,8,9,9,11,13,13,14,17,18,19,21,22,24,27,30,31,31,35,36,39,41,43,46,48,51,52,56,57,61,64,66,69,72,74,79,81,84,88,
-14,-14,-14,-14,-14,-14,0,0,0,0,0,0,-14,-12,-12,-12,-12,-12,-12,-12,-11,-11,-11,-11,-11,-11,-9,-9,-9,-9,-8,0,0,0,-6,-6,-5,-5,-5,-5,-5,-4,-4,-4,-4,-3,-2,0,1,2,3,3,4,4,5,5,6,7,8,9,9,10,13,13,13,17,17,19,21,22,23,27,29,31,31,33,36,39,41,44,46,48,50,52,57,57,62,63,66,70,71,76,79,82,83,89,
-15,-15,-15,-15,-15,-15,0,0,0,0,0,0,-14,-14,-14,-14,-13,-13,-13,-13,-13,-13,-13,-11,-11,-11,-11,-11,-9,-9,-9,-9,0,0,0,-6,-6,-6,-5,-5,-5,-4,-4,-4,-4,-4,-3,-2,0,1,3,3,4,4,4,5,6,7,7,8,9,10,12,13,13,16,17,19,21,22,22,26,29,30,32,33,36,40,41,43,46,48,49,54,56,59,62,63,67,70,72,76,80,82,85,89,
-16,-16,-15,-15,-15,-15,0,0,0,0,0,0,-14,-14,-14,-14,-14,-14,-14,-13,-13,-13,-13,-13,-13,-13,-12,-12,-12,-11,-9,-9,0,0,0,-7,-7,-6,-6,-5,-5,-4,-4,-4,-4,-4,-4,-3,-2,1,1,3,3,4,4,5,5,7,7,8,9,9,11,13,13,14,18,19,20,22,23,27,29,30,32,32,37,39,41,43,46,48,50,54,55,59,61,64,67,71,74,77,80,82,87,91,
-17,-17,-17,-17,-17,-17,0,0,0,0,0,0,-15,-15,-15,-15,-14,-14,-14,-14,-14,-13,-13,-13,-13,-13,-13,-13,-13,-12,-12,-11,-9,0,0,-9,-8,-7,-6,-6,-5,-4,-4,-4,-4,-4,-4,-4,-2,0,1,2,3,3,4,4,5,6,7,7,8,9,11,12,13,14,17,19,20,22,23,25,29,30,32,32,37,38,41,43,46,48,50,54,57,59,63,64,68,72,74,77,81,82,89,91,
-18,-18,-18,-18,-18,-18,0,0,0,0,0,0,-17,-17,-16,-16,-15,-15,-15,-14,-14,-14,-14,-13,-13,-13,-13,-13,-13,-13,-13,-12,-12,0,0,-9,-9,-8,-7,-7,-6,-5,-4,-4,-4,-4,-4,-4,-4,-1,0,1,3,3,3,4,5,6,7,7,8,9,10,11,13,14,16,18,20,20,24,25,29,30,31,32,37,39,42,43,46,48,51,56,57,59,62,65,68,71,75,77,81,83,89,92,
-19,-19,-19,-19,-19,-18,0,0,0,0,0,0,-18,-18,-18,-18,-18,-18,-18,-16,-15,-15,-14,-14,-13,-13,-13,-13,-13,-13,-13,-13,-13,-12,-11,-10,-10,-9,-9,-7,-7,-6,-4,-4,-4,-4,-4,-4,-4,-3,-1,1,2,3,3,4,4,5,6,7,7,8,10,11,12,13,16,18,20,21,24,25,30,30,31,33,37,40,42,43,47,48,51,55,57,60,62,66,69,72,75,78,81,86,90,92,
-19,-19,-19,-19,-19,-19,0,0,0,0,0,0,-18,-18,-18,-18,-18,-18,-18,-18,-18,-18,-18,-17,-15,-13,-13,-13,-13,-13,-13,-13,-13,-13,-13,-12,-10,-10,-10,-9,-8,-7,-5,-4,-4,-4,-4,-4,-4,-3,-1,0,1,3,3,3,4,4,6,7,7,8,10,11,12,13,16,17,20,22,24,25,28,30,30,34,37,41,41,42,47,47,53,54,58,59,63,68,70,72,76,79,83,86,90,93,
-21,-21,-21,-20,-20,-19,0,0,0,0,0,0,-19,-19,-19,-19,-19,-19,-18,-18,-18,-18,-18,-18,-18,-18,-16,-14,-13,-13,-13,-13,-13,-13,-13,-13,-13,-10,-10,-10,-9,-8,-6,-5,-4,-4,-4,-4,-4,-3,-2,-1,0,2,3,3,3,4,6,6,7,7,9,10,11,12,16,17,20,22,22,25,27,30,31,35,37,40,41,43,46,49,53,55,58,58,64,68,69,74,76,81,83,87,91,93,
-23,-22,-22,-22,-22,-22,0,0,0,0,0,0,-19,-19,-19,-19,-19,-19,-19,-19,-19,-19,-18,-18,-18,-18,-18,-17,-16,-14,-14,-13,-13,-13,-13,-13,-13,-13,-10,-10,-10,-9,-7,-6,-5,-4,-4,-4,-3,-3,-3,-2,-1,0,2,3,3,4,5,6,6,7,9,10,11,13,16,17,20,22,22,26,27,30,31,34,38,40,41,44,47,51,53,56,58,61,65,68,69,74,78,81,85,87,92,96,
-23,-23,-23,-23,-23,-23,0,0,0,0,0,0,-22,-22,-22,-21,-20,-19,-19,-19,-19,-19,-19,-19,-19,-18,0,0,-17,-17,-17,-15,-14,-13,-13,-13,-13,-13,-13,-11,-10,-10,-8,-7,-6,-6,-4,-4,-3,-3,-3,-2,-1,0,2,3,3,3,5,6,6,7,9,9,11,12,15,18,20,22,22,27,27,29,33,35,39,40,42,44,48,51,53,56,60,61,67,68,72,76,78,83,85,90,93,96,
-23,-23,-23,-23,-23,-23,0,0,0,0,0,0,-23,-22,-22,-22,-22,-22,-22,-21,-21,-21,-19,-19,-19,0,0,0,-18,-17,-17,-17,-16,-15,-14,-13,-13,-13,-13,-12,-12,-10,-9,-8,-7,-6,-6,-4,-3,-3,-3,-2,-2,-1,1,2,3,3,5,5,6,6,8,9,11,12,15,18,19,22,22,26,27,30,33,34,39,39,42,45,50,51,53,56,61,61,67,70,73,77,78,83,87,90,95,100,
-25,-24,-24,-24,-23,-23,0,0,0,0,0,0,-23,-23,-23,-23,-22,-22,-22,-22,-22,-22,-21,-21,-21,0,0,0,-19,-18,-17,-17,-17,-17,-15,-14,-14,-13,-13,-13,-12,-12,-9,-9,-8,-7,-6,-5,-3,-3,-3,-2,-2,-2,1,1,3,3,4,5,6,6,8,9,9,13,17,18,19,21,24,25,28,30,33,36,39,40,43,46,49,52,54,59,61,62,67,71,74,76,81,86,87,92,97,100,
-26,-26,-26,-26,-26,-26,0,0,0,0,0,0,-23,-23,-23,-23,-23,-23,-22,-22,-22,-22,-22,-22,-21,0,0,0,-20,-19,-18,-18,-17,-17,-17,-16,-15,-14,-13,-13,-12,-12,-11,-9,-9,-8,-7,-6,-3,-3,-3,-2,-2,-2,0,1,2,3,4,4,6,6,8,8,9,14,16,18,19,21,24,25,29,30,33,36,38,41,42,46,49,52,55,59,61,65,70,70,75,78,83,86,89,93,98,102,
-27,-27,-27,-27,-26,-26,0,0,0,0,0,0,-26,-26,-26,-25,-24,-24,-23,-23,-22,-22,-22,-22,0,0,0,0,-21,-21,-19,-18,-18,-18,-17,-17,-17,-16,-15,-14,-12,-12,-11,-11,-10,-9,-8,-6,-5,-3,-2,-2,-2,-2,-2,1,1,3,4,4,5,6,7,8,10,13,16,18,19,21,24,26,29,31,35,36,40,41,44,47,50,52,56,59,60,68,70,71,77,80,84,88,91,95,100,104,
-28,-28,-28,-27,-27,-27,0,0,0,0,0,0,0,0,0,0,0,0,0,0,0,0,0,0,0,0,0,0,-22,-21,-20,-20,-20,-18,-18,-17,-17,-17,-16,-15,-13,-11,-11,-11,-10,-10,-8,-6,-5,-5,-2,-2,-2,-2,-2,1,1,1,4,4,4,6,7,8,12,14,16,18,19,22,24,26,28,32,33,37,39,42,45,47,51,54,57,60,63,68,71,73,78,81,86,89,92,98,102,106,
-29,-29,-28,-28,-28,-28,0,0,0,0,0,0,0,0,0,0,0,0,0,0,0,0,0,0,0,0,0,0,-22,-22,-22,-20,-20,-20,-19,-18,-18,-17,-17,-16,-14,-12,-11,-11,-11,-10,-10,-7,-6,-5,-3,-2,-2,-2,-2,0,1,1,4,4,4,6,7,9,11,14,16,18,19,22,25,27,29,33,35,38,40,43,46,50,52,55,57,62,65,68,73,76,79,83,88,90,94,99,105,107,
-30,-30,-30,-30,-30,-30,0,0,0,0,0,0,0,0,0,0,0,0,0,0,0,0,0,0,0,0,0,0,-22,-22,-22,-21,-20,-20,-20,-20,-18,-17,-17,-17,-15,-13,-12,-11,-11,-11,-9,-8,-6,-6,-4,-3,-2,-2,-2,0,1,1,2,4,4,5,8,9,11,13,15,18,20,22,25,27,29,34,35,39,40,44,46,51,53,55,60,64,65,71,75,76,81,86,88,92,97,101,106,108,
-30,-30,-30,-30,-30,-30,0,0,0,0,0,0,-30,-30,-29,-29,-28,-27,-27,-27,-27,-27,-27,0,0,0,0,0,-25,-24,-22,-21,-21,-21,-20,-20,-20,-19,-17,-17,-16,-14,-13,-12,-11,-11,-10,-9,-7,-6,-4,-4,-3,-2,-2,0,1,1,2,4,4,5,9,9,11,14,16,18,20,22,24,28,30,35,35,39,41,45,48,51,54,58,60,64,69,71,75,79,83,86,90,95,99,104,108,114,
-30,-30,-30,-30,-30,-30,0,0,0,0,0,0,-30,-30,-30,-30,-30,-30,-30,-29,-28,-27,-27,-27,-27,0,0,0,-25,-25,-25,-24,-21,-21,-21,-20,-20,-20,-19,-17,-15,-15,-14,-13,-12,-10,-10,-10,-7,-5,-5,-4,-3,-2,-2,-1,0,1,1,2,4,7,8,9,11,13,17,19,21,23,26,28,31,34,37,39,43,47,48,53,55,58,63,66,69,73,77,81,85,89,93,97,101,106,110,117,
-33,-33,-33,-33,-33,-32,0,0,0,0,0,0,-30,-30,-30,-30,-30,-30,-30,-30,-30,-30,-29,-28,-27,0,0,0,-25,-25,-25,-24,-24,-22,-21,-21,-21,-20,-20,-19,-16,-15,-15,-14,-13,-11,-10,-10,-8,-6,-5,-4,-4,-3,-2,-1,0,1,1,2,5,7,7,10,11,14,18,18,21,24,26,29,32,35,37,39,44,48,48,55,56,59,65,67,70,75,80,83,87,91,96,100,105,108,115,117,
-34,-34,-34,-34,-34,-34,0,0,0,0,0,0,-32,-31,-30,-30,-30,-30,-30,-30,-30,-30,-30,-30,-29,0,0,0,-26,-26,-25,-24,-24,-24,-23,-22,-21,-21,-20,-18,-17,-16,-15,-15,-12,-11,-11,-10,-8,-6,-6,-4,-4,-3,-3,-1,0,1,1,3,5,7,7,11,13,15,18,18,22,24,28,29,34,36,38,43,45,49,53,55,56,64,65,68,73,76,82,84,89,93,98,102,106,111,115,121,
-34,-34,-34,-34,-34,-34,0,0,0,0,0,0,-34,-34,-33,-33,-33,-31,-30,-30,-30,-30,-30,-30,-30,0,0,0,-28,-26,-25,-24,-24,-24,-24,-23,-22,-21,-21,-19,-17,-16,-16,-15,-13,-12,-11,-11,-8,-8,-6,-5,-4,-4,-2,-1,0,1,1,4,4,7,7,9,14,15,18,18,22,26,28,32,34,37,39,43,47,49,53,56,60,64,66,72,73,80,84,87,92,96,100,104,109,114,119,123,
-35,-34,-34,-34,-34,-34,0,0,0,0,0,0,-34,-34,-34,-34,-34,-34,-34,-32,-32,-31,-30,-30,-30,-30,0,-29,-28,-28,-27,-25,-25,-24,-24,-24,-23,-22,-21,-20,-17,-17,-16,-15,-14,-13,-11,-11,-9,-8,-6,-5,-4,-4,-2,-2,1,1,2,4,4,7,8,11,14,16,18,21,24,27,29,34,35,38,42,44,48,52,54,58,62,66,70,72,78,82,86,89,95,100,104,108,114,118,123,127,
-35,-35,-35,-35,-35,-35,0,0,0,0,0,0,-34,-34,-34,-34,-34,-34,-34,-34,-34,-34,-33,-32,-30,-30,-30,-30,-29,-28,-27,-27,-26,-25,-24,-24,-23,-22,-21,-21,-18,-17,-16,-15,-15,-13,-12,-10,-9,-8,-7,-5,-5,-4,-3,-2,1,2,3,4,4,7,10,12,15,16,18,22,24,28,30,34,36,38,44,47,50,53,56,61,64,68,71,75,80,83,89,92,98,103,108,112,116,121,125,131,
-38,-38,-37,-37,-37,-37,0,0,0,0,0,0,-35,-35,-34,-34,-34,-34,-34,-34,-34,-34,-34,-33,-33,-33,-30,-30,-30,-27,-27,-27,-27,-27,-26,-25,-23,-22,-22,-20,-19,-18,-16,-15,-15,-14,-13,-10,-9,-9,-7,-5,-5,-5,-3,-2,1,3,3,4,4,9,10,12,14,18,18,23,25,29,32,35,36,41,45,47,52,54,58,64,64,69,73,78,83,87,90,96,99,105,110,116,120,126,130,136,
-38,-38,-38,-38,-38,-37,0,0,0,0,0,0,-37,-36,-36,-35,-35,-35,-34,-34,-34,-34,-34,-34,-34,-33,-33,-33,-31,-27,-27,-27,-27,-27,-27,-25,-25,-22,-22,-21,-20,-18,-17,-16,-15,-14,-13,-12,-9,-9,-9,-6,-5,-5,-3,-1,2,3,4,4,7,9,10,12,16,18,19,25,27,30,33,35,38,44,44,50,53,55,61,64,69,72,77,80,84,90,94,98,103,107,115,119,125,129,135,140,
-40,-40,-40,-40,-39,-38,0,0,0,0,0,0,-37,-37,-37,-37,-37,-36,-36,-36,-35,-34,-34,-34,-34,-34,-33,-33,-32,-31,-28,-27,-27,-27,-26,-26,-25,-25,-22,-21,-20,-18,-18,-16,-15,-14,-13,-13,-9,-9,-9,-7,-5,-4,-3,-1,2,2,4,6,7,9,10,15,16,18,23,26,27,32,34,37,41,45,48,51,54,60,62,68,70,74,80,84,88,93,99,103,106,112,118,123,130,134,140,144,
-41,-41,-41,-40,-40,-40,0,0,0,0,0,0,-37,-37,-37,-37,-37,-37,-37,-37,-36,-36,-36,-35,-34,-34,-34,-32,-32,-31,-31,-28,-27,-26,-26,-26,-26,-25,-22,-21,-20,-18,-18,-18,-17,-13,-13,-13,-10,-9,-9,-7,-5,-3,-3,1,2,2,5,7,7,9,13,15,17,20,25,26,29,34,34,40,43,46,49,53,58,60,66,69,74,79,82,86,91,96,101,106,110,116,121,127,131,137,145,150,
-42,-42,-42,-42,-42,-41,0,0,0,0,0,0,-38,-38,-38,-38,-37,-37,-37,-37,-37,-37,-36,-36,-36,-36,-33,-33,-31,-31,-30,-29,-28,-27,-27,-26,-26,-26,-22,-21,-21,-19,-18,-18,-16,-13,-13,-12,-11,-9,-8,-7,-5,-3,-2,0,2,3,6,7,8,12,14,15,19,22,25,26,32,33,37,42,45,49,51,55,61,63,67,72,76,81,86,91,95,101,105,110,116,120,125,132,136,143,150,155,
-44,-44,-44,-43,-42,-42,0,0,0,0,0,0,-39,-39,-39,-39,-38,-38,-38,-37,-37,-37,-37,-37,-36,-36,-35,-35,-32,-30,-30,0,-29,-28,-27,-27,-26,-24,-23,-21,-21,-20,-18,-18,-16,-15,-13,-12,-11,-10,-8,-7,-4,-2,-2,0,3,5,6,7,11,12,14,17,21,22,26,30,32,34,41,42,48,51,53,59,62,67,70,76,80,84,88,95,98,103,108,114,119,125,132,137,142,149,153,161,
-44,-44,-44,-44,-44,-44,0,0,0,0,0,0,-40,-40,-39,-39,-39,-39,-39,-39,-39,-38,-37,-37,-37,-34,-34,-34,-33,-33,0,0,-29,-29,-28,-27,-26,-25,-24,-22,-21,-20,-20,-17,-16,-15,-14,-12,-11,-10,-8,-7,-3,-3,0,1,4,5,6,9,11,13,16,19,22,26,28,31,34,39,42,45,49,52,58,61,68,68,76,78,84,87,94,98,103,108,113,118,125,130,136,144,148,154,161,169,
-45,-45,-45,-45,-45,-45,0,0,0,0,0,0,-43,-42,-40,-39,-39,-39,-39,-39,-38,-38,-38,-38,-35,-35,-34,-34,-33,-33,0,0,-30,-29,-28,-27,-25,-25,-25,-23,-20,-20,-19,-19,-16,-15,-15,-13,-11,-9,-8,-6,-3,-2,0,3,4,6,8,9,12,15,17,19,24,26,30,33,37,40,43,48,52,57,59,65,68,73,77,83,87,92,96,102,108,113,118,124,131,135,142,148,154,160,168,173,
-46,-45,-45,-45,-45,-45,0,0,0,0,0,0,-44,-42,-42,-41,-39,-38,-38,-38,-38,-38,-37,-37,-37,-37,-36,-33,-33,0,0,0,-30,-30,-29,-26,-26,-25,-25,-24,-21,-19,-19,-19,-17,-15,-14,-12,-11,-9,-7,-6,-2,-1,2,3,5,6,8,9,15,15,19,23,25,28,32,34,41,42,47,49,56,60,63,67,71,77,81,87,90,96,102,107,112,118,123,129,136,142,147,153,160,168,175,179,
-46,-46,-46,-46,-45,-45,0,0,0,0,0,0,-43,-43,-43,-43,-43,-40,-39,-39,-38,-37,-37,-37,-37,-37,-37,-36,-34,0,0,0,-31,-29,-29,-27,-26,-26,-25,-24,-22,-19,-19,-19,-16,-16,-13,-12,-11,-9,-7,-4,-2,1,2,4,6,6,10,13,16,18,22,23,28,30,35,39,41,45,49,52,58,61,67,69,77,80,85,90,96,101,106,112,117,124,130,135,142,149,153,159,167,175,181,188,
-46,-45,-45,-45,-45,-45,0,0,0,0,0,0,-43,-43,-43,-43,-43,-43,-41,-40,-39,-38,-38,-37,-37,-37,-36,-36,0,0,0,-32,-30,-30,-28,-27,-27,-26,-25,-24,-21,-21,-19,-19,-17,-14,-13,-13,-11,-9,-5,-3,0,1,3,5,6,7,11,14,17,20,22,27,29,33,37,41,43,48,53,58,60,66,67,75,81,84,89,94,101,105,112,116,122,130,136,141,148,153,160,168,175,183,189,196,
-47,-47,-46,-46,-46,-46,0,0,0,0,0,0,-44,-44,-44,-44,-43,-43,-41,-40,-40,-39,-39,-39,-38,-36,-36,0,0,0,0,-31,-30,-29,-29,-27,-27,-27,-25,-22,-21,-21,-20,-19,-16,-14,-14,-13,-8,-8,-4,-2,1,3,4,4,7,9,14,16,20,22,25,28,34,35,40,42,48,50,56,60,64,69,75,78,83,89,95,100,105,111,117,123,129,135,142,148,153,159,168,175,183,191,198,206,
-48,-48,-48,-48,-48,0,0,0,0,0,0,0,0,0,0,0,0,0,0,0,0,0,0,0,0,0,0,0,0,0,0,-32,-30,-30,-29,-29,-27,-27,-25,-23,-21,-21,-21,-17,-15,-15,-14,-10,-7,-6,-2,0,1,4,4,5,9,10,16,17,22,24,26,31,34,39,41,46,50,56,59,63,68,74,77,84,87,94,99,105,111,115,122,130,134,141,149,156,161,169,176,185,192,199,207,215,
-48,0,0,0,0,0,0,0,0,0,0,0,0,0,0,0,0,0,0,0,0,0,0,0,0,0,0,0,0,0,0,-32,-31,-30,-29,-29,-28,-26,-24,-23,-21,-20,-20,-18,-15,-15,-11,-8,-6,-5,-2,0,2,5,5,7,11,14,17,20,23,26,30,32,38,41,46,50,55,58,64,67,74,76,82,88,93,99,103,111,116,122,129,136,142,150,156,161,170,177,185,192,199,207,214,225,
-48,0,0,0,0,0,0,0,0,0,0,0,0,0,0,0,0,0,0,0,0,0,0,0,0,0,0,0,0,0,0,-31,-31,-31,-30,-29,-27,-26,-24,-24,-21,-20,-20,-17,-12,-12,-11,-8,-4,-3,-1,1,3,6,7,10,14,14,19,21,27,30,34,36,40,45,49,54,56,63,67,73,77,82,89,93,98,104,110,116,123,130,134,141,149,156,163,169,177,186,193,201,209,217,226,234,
-50,-50,-49,-49,-48,-48,-48,-48,-47,-47,-46,-46,-46,-45,-45,-45,-44,-43,-43,-43,-43,-41,-40,-40,-37,-37,-37,-37,-37,-37,-33,-31,-31,-31,-30,-29,-27,-25,-23,-23,-21,-20,-18,-14,-12,-12,-9,-5,-5,-3,1,3,5,8,9,11,15,18,21,26,29,32,35,40,42,49,53,57,62,66,71,76,83,87,93,99,104,110,116,121,129,136,142,149,156,165,171,176,186,193,203,211,219,227,235,246,
-50,-50,-50,-50,-50,-49,-48,-47,-46,-46,-46,-46,-46,-46,-46,-45,-44,-44,-43,-43,-43,-41,-40,-39,-38,-37,-37,-37,-37,-35,-32,-31,-31,-31,-30,-28,-26,-24,-22,-21,-20,-19,-15,-14,-12,-12,-6,-5,-3,0,2,5,6,10,10,14,17,21,24,28,31,34,39,43,48,51,56,62,67,71,75,81,88,91,98,103,109,116,122,130,135,141,149,157,165,172,179,186,193,203,212,221,228,239,247,257,
-51,-50,-50,-50,-49,-48,-48,-48,-47,-47,-47,-47,-46,-46,-46,-46,-44,-44,-44,-42,-41,-40,-40,-40,-39,-38,-37,-36,-35,-35,-34,-31,-31,-29,-29,-26,-23,-23,-22,-21,-20,-15,-14,-14,-10,-7,-6,-4,0,1,4,6,9,11,13,16,20,23,28,31,35,37,44,47,51,55,61,65,71,75,81,88,91,97,104,110,117,123,130,137,143,149,156,165,172,180,189,195,204,211,222,230,239,246,259,268,
-51,-49,-49,-48,-48,-48,-48,-48,-48,-48,-47,-47,-47,-47,-45,-45,-45,-44,-42,-42,-40,-40,-40,-40,-39,-37,-36,-34,-34,-33,-33,-31,-29,-29,-28,-25,-24,-23,-23,-20,-17,-16,-14,-12,-9,-6,-4,-1,0,3,5,8,10,13,17,19,22,26,29,35,38,42,47,50,56,61,64,70,75,83,86,91,98,104,111,116,122,129,135,143,149,156,164,171,182,190,198,206,214,223,232,241,251,261,271,279,
-50,-49,-47,-47,-47,-47,-47,-47,-47,-47,-47,-47,-46,-45,-45,-44,-44,-41,-41,-41,-40,-39,-39,-39,-39,-37,-35,-34,-34,-33,-33,-31,-28,-28,-27,-25,-24,-22,-21,-18,-17,-15,-11,-10,-6,-4,-4,1,2,4,8,9,13,17,19,22,26,30,34,39,42,45,50,55,60,65,70,73,81,87,90,97,103,110,115,123,129,136,145,152,157,165,174,182,189,199,208,215,225,233,244,252,263,272,282,294,
-50,-49,-49,-48,-47,-47,-47,-47,-47,-47,-47,-46,-45,-45,-44,-43,-43,-43,-41,-40,-40,-40,-39,-39,-38,-36,-36,-35,-33,-32,-30,-30,-29,-27,-26,-24,-23,-22,-18,-15,-15,-12,-11,-8,-4,-4,0,2,4,6,9,13,16,18,22,24,30,33,38,41,45,50,54,60,64,70,74,80,87,90,98,104,110,115,123,130,137,144,151,161,168,175,183,190,200,209,219,227,236,244,255,265,277,286,296,307,
-51,-50,-49,-49,-49,-49,-47,-47,-47,-45,-45,-45,-45,-44,-44,-43,-43,-43,-41,-41,-40,-40,-39,-38,-37,-36,-36,-35,-31,-30,-29,-29,-28,-25,-23,-23,-21,-19,-16,-14,-14,-11,-7,-6,-4,-1,0,5,6,10,11,15,19,21,25,29,33,38,42,44,50,56,58,63,69,75,82,87,90,98,105,111,119,123,130,137,144,152,160,168,178,185,192,201,208,219,228,238,248,258,268,277,289,298,311,322,
-49,-49,-49,-49,-48,-47,-46,-45,-45,-44,-44,-43,-43,-43,-43,-43,-42,-42,-40,-40,-39,-38,-37,-37,-36,-35,-33,-32,-31,-30,-29,-28,-27,-24,-23,-22,-19,-17,-15,-14,-12,-8,-7,-4,0,1,3,7,9,11,14,18,22,26,29,33,36,42,45,49,55,59,64,70,74,80,87,93,99,104,110,118,125,131,139,146,153,162,169,177,186,196,203,211,221,231,241,249,260,270,280,292,301,314,324,337,
-49,-48,-48,-48,-47,-47,-46,-46,-45,-44,-44,-43,-43,-43,-43,-43,-42,-41,-40,-39,-39,-38,-37,-37,-35,-33,-32,-32,-32,-29,-27,-27,-26,-24,-21,-20,-19,-16,-13,-11,-8,-6,-3,-2,3,3,6,9,9,15,18,22,26,29,32,38,41,46,51,53,59,65,70,76,80,86,92,97,104,112,118,124,133,139,145,154,162,169,178,186,196,206,214,223,233,242,252,262,274,283,296,305,317,329,341,354,
-47,-47,-47,-47,-47,-47,-46,-45,-43,-43,-43,-43,-43,-42,-42,-41,-41,-40,-38,-37,-37,-36,-36,-34,-33,-31,-31,-31,-29,-27,-26,-25,-23,-21,-19,-17,-15,-14,-11,-9,-7,-4,-1,0,2,6,9,12,15,18,21,25,30,33,38,42,45,50,55,59,63,70,76,81,88,94,100,105,113,119,126,134,141,149,157,163,173,180,188,198,206,216,225,235,247,255,266,276,286,299,309,321,334,346,358,370,
-46,-46,-45,-45,-45,-45,-45,-45,-45,-43,-43,-43,-43,-42,-40,-40,-39,-39,-37,-36,-36,-36,-35,-33,-32,-30,-29,-29,-29,-27,-24,-23,-21,-21,-16,-15,-15,-11,-8,-7,-6,-1,1,4,7,8,11,14,17,22,26,29,34,37,41,46,49,55,60,64,69,76,81,87,94,100,107,113,120,127,134,141,150,157,165,174,182,192,199,209,218,228,238,247,257,269,279,291,302,312,326,337,351,363,376,389,
-46,-46,-45,-45,-45,-45,-45,-45,-45,-44,-43,-43,-41,-40,-40,-38,-38,-38,-37,-36,-35,-35,-34,-33,-30,-29,-29,-29,-26,-24,-23,-22,-18,-17,-15,-13,-11,-7,-6,-5,0,0,4,6,10,11,15,16,24,25,30,33,38,41,45,53,55,59,65,71,77,82,88,95,102,107,113,121,128,134,142,149,158,167,174,183,193,200,212,220,231,240,251,260,272,284,293,306,317,330,342,355,367,380,393,407,
-45,-45,-45,-44,-44,-44,-44,-44,-43,-40,-40,-38,-38,-38,-38,-38,-37,-35,-35,-35,-32,-32,-31,-30,-29,-29,-27,-24,-24,-22,-20,-18,-17,-17,-11,-11,-9,-5,-5,-2,1,4,6,10,13,16,17,23,27,30,34,38,42,47,52,57,61,66,70,77,84,88,94,101,107,114,122,128,136,144,151,159,167,177,186,194,204,213,222,233,244,253,264,275,287,298,310,321,334,347,358,371,386,401,413,428,
-45,-45,-44,-44,-43,-42,-41,-39,-38,-38,-38,-38,-37,-37,-37,-36,-37,-34,-34,-32,-31,-31,-31,-29,-28,-28,-25,-23,-22,-20,-18,-17,-14,-11,-10,-7,-6,-3,0,0,6,6,10,14,15,18,22,25,31,34,39,43,49,52,56,61,67,73,77,84,90,96,103,110,116,123,130,138,147,154,163,171,180,188,197,206,216,226,235,246,256,270,277,291,301,315,326,338,352,365,377,393,406,421,435,450,
-43,-43,-41,-41,-40,-40,-39,-39,-38,-38,-38,-38,-36,-35,-35,-35,-33,-31,-31,-31,-29,-29,-28,-28,-25,-24,-21,-20,-20,-18,-15,-13,-13,-8,-7,-6,-3,0,1,4,7,8,14,16,21,24,26,31,36,38,44,49,54,59,60,66,72,79,84,91,96,103,110,117,123,132,139,146,156,165,172,181,189,199,209,219,228,238,250,260,272,282,295,306,316,329,343,356,368,382,398,411,426,441,457,473,
-39,-39,-39,-39,-39,-39,-39,-37,-36,-35,-35,-34,-33,-33,-32,-31,-31,-29,-29,-29,-28,-27,-24,-23,-22,-21,-19,-18,-16,-13,-12,-11,-8,-7,-3,-2,0,4,5,9,11,15,17,20,24,28,31,36,41,45,49,56,59,63,69,75,79,85,92,99,105,110,117,126,133,140,148,156,165,173,183,192,201,210,222,231,242,252,262,275,287,299,310,323,335,347,362,375,389,402,418,432,447,463,479,496,
