-10,-8,-8,-8,-7,-7,-7,-7,-7,-7,-7,-7,-7,-7,-7,-7,-7,-7,0,0,0,0,0,0,0,0,0,0,0,-5,-5,-4,-4,-4,-4,-4,-4,-4,-4,-4,-4,-4,-4,-2,1,1,2,2,3,4,5,6,6,8,8,9,9,11,11,13,13,15,15,16,16,19,20,20,22,25,26,27,29,30,31,35,36,39,41,43,45,46,50,53,54,56,58,62,63,68,71,71,76,77,82,86,87,91,94,96,102,104,109,111,
-13,-13,-11,-11,-10,-10,-9,-9,-7,-7,-7,-7,-7,-7,0,0,0,0,0,0,0,0,0,0,0,0,0,0,0,0,0,0,0,-4,-4,-4,-4,-4,-4,-4,-4,-4,-4,-3,-2,-1,1,2,2,3,4,5,6,7,8,8,9,9,11,11,13,13,15,15,16,18,19,20,22,24,26,27,29,29,31,34,36,38,39,43,44,45,50,52,54,56,58,62,63,68,69,71,76,76,82,85,87,91,94,95,102,104,109,111,
-13,-13,-13,-13,-13,-13,-13,-11,-11,-10,-9,-9,0,0,0,0,0,0,0,0,0,0,-7,-7,-7,-7,-7,0,0,0,0,0,0,0,0,0,-4,-4,-4,-4,-4,-4,-4,-4,-3,-2,-1,1,2,2,4,4,5,6,8,8,8,9,9,11,12,13,14,15,16,17,18,20,20,23,25,27,27,29,31,33,36,37,39,42,44,45,49,52,53,55,57,61,62,68,69,71,74,76,82,84,87,91,94,96,102,104,109,111,
-14,-13,-13,-13,-13,-13,-13,-13,-13,-13,0,0,0,0,0,0,0,0,-8,-8,-8,-8,-8,-7,-7,-7,-7,-7,-7,-6,0,0,0,0,0,0,0,0,-4,-4,-4,-4,-4,-4,-4,-3,-2,-1,1,2,3,4,4,5,7,8,8,9,9,11,11,13,13,15,15,16,18,19,20,22,24,26,27,29,31,32,35,37,39,42,43,45,49,52,53,55,57,61,62,67,69,71,74,76,82,84,87,90,93,96,101,104,107,111,
-14,-14,-14,-14,-14,-14,-13,-13,-13,0,0,0,0,0,0,0,-10,-9,-9,-9,-9,-8,-8,-8,-8,-8,-8,-8,-7,-7,-7,-6,0,0,0,0,0,0,0,-4,-4,-4,-4,-4,-4,-4,-3,-2,-1,0,2,4,4,4,5,7,8,8,9,9,11,12,13,14,15,16,18,18,20,22,23,26,27,27,29,32,35,37,39,42,42,44,48,51,53,54,57,60,62,67,68,71,74,78,81,83,87,90,93,98,101,104,107,110,
-15,-15,-14,-14,-14,-14,-14,-14,0,0,0,0,0,0,0,-13,-13,-13,-13,-11,-10,-9,-9,-9,-9,-8,-8,-8,-8,-8,-8,-8,-6,0,0,0,0,0,0,-4,-4,-4,-4,-4,-4,-4,-4,-3,-2,-1,1,2,4,4,4,6,8,8,8,9,10,12,12,14,14,15,17,18,19,21,23,25,27,27,29,32,34,37,38,41,42,44,48,51,52,54,57,60,62,66,68,72,74,78,81,84,87,89,92,99,101,105,107,110,
-15,-15,-15,-15,-15,-15,-15,0,0,0,0,0,0,-14,-14,-14,-13,-13,-13,-13,-13,-11,-11,-10,-9,-9,-9,-9,-8,-8,-8,-8,-8,0,0,0,0,0,0,-4,-4,-4,-4,-4,-4,-4,-4,-3,-3,-2,-1,1,4,4,4,6,6,8,8,9,10,11,12,13,14,15,16,18,18,21,23,24,26,27,29,32,33,36,38,41,42,44,48,50,52,53,57,60,62,66,68,71,74,78,81,84,86,90,93,98,101,105,108,112,
-16,-16,-16,-15,-15,-15,0,0,0,0,0,0,0,-15,-15,-15,-15,-15,-14,-13,-13,-13,-13,-11,-11,-11,-10,-9,-9,-9,-8,-8,-8,0,0,0,0,0,0,-4,-4,-4,-4,-4,-4,-4,-4,-4,-3,-3,-1,0,2,4,4,4,6,7,8,8,9,10,12,12,14,14,15,18,18,19,23,24,26,27,27,32,33,37,38,40,42,43,48,50,52,54,57,59,64,66,68,71,74,77,81,84,86,90,93,98,100,105,107,113,
-17,-17,-17,-16,-16,0,0,0,0,0,0,0,-15,-15,-15,-15,-15,-15,-15,-15,-15,-15,-14,-14,-14,-11,-11,-11,-10,-10,-9,-9,-8,0,0,0,0,0,0,-7,-4,-4,-4,-4,-4,-4,-4,-4,-4,-3,-2,-1,2,3,4,4,5,6,7,8,8,10,11,12,13,14,15,17,18,18,21,24,25,27,27,31,33,35,38,39,42,42,48,49,52,54,57,59,64,65,67,72,74,76,81,84,86,91,95,98,100,105,108,113,
-18,-18,-17,-17,0,0,0,0,0,0,0,-16,-16,-16,-15,-15,-15,-15,-15,-15,-15,-15,-15,-15,-15,-14,-14,-12,-12,-11,-10,-10,-9,0,0,0,0,0,0,-7,-7,-5,-4,-4,-4,-4,-4,-4,-4,-3,-3,-2,1,2,3,4,4,5,7,7,8,9,11,11,12,14,14,16,18,18,20,23,24,26,28,30,33,35,38,39,41,42,47,49,52,54,57,58,64,65,67,72,73,77,81,84,87,91,96,97,101,106,109,113,
-19,-19,-19,-19,0,0,0,0,0,0,-17,-17,-16,-16,-16,-16,-16,-16,-16,-15,-15,-15,-15,-15,-15,-15,-15,-14,-14,-12,-12,-12,-11,0,0,0,0,0,0,-7,-7,-7,-6,-5,-4,-4,-4,-4,-4,-4,-3,-3,0,1,2,3,4,5,6,7,8,8,11,11,12,14,14,15,18,18,19,23,24,25,28,29,34,35,37,39,41,43,47,49,52,54,57,59,63,64,68,72,75,78,81,83,88,92,96,97,102,108,109,112,
-20,-19,-19,0,0,0,0,0,0,0,-18,-18,-18,-18,-17,-17,-16,-16,-16,-16,-16,-16,-16,-15,-15,-15,-15,-15,-14,-14,-12,-12,-12,0,0,0,0,0,0,-7,-7,-7,-6,-6,-5,-4,-4,-4,-4,-4,-4,-3,-1,1,1,3,3,5,5,7,7,8,8,11,11,12,14,15,16,18,19,22,24,24,28,29,34,35,36,39,39,43,45,50,50,54,56,59,63,64,69,71,75,78,81,84,89,91,95,97,103,108,110,113,
-22,-22,-20,0,0,0,0,0,0,-19,-19,-18,-18,-18,-18,-18,-18,-18,-18,-17,-17,-17,-16,-16,-16,-16,-15,-15,-15,-14,-14,-14,-12,0,0,0,0,0,0,-8,-7,-7,-7,-6,-6,-5,-5,-4,-4,-4,-4,-3,-2,0,1,1,3,3,5,6,7,7,8,11,11,12,14,14,15,18,19,21,24,25,28,30,31,35,35,39,40,44,45,50,50,54,56,59,63,65,69,71,75,78,81,85,89,92,95,99,105,107,109,113,
-22,-22,0,0,0,0,0,0,0,-20,-20,-19,-19,-19,-18,-18,-18,-18,-18,-18,-18,-17,-17,-17,-17,-17,-17,-16,-16,-15,-14,-14,-14,0,0,0,0,0,0,-10,-10,-7,-7,-7,-6,-6,-5,-5,-4,-4,-4,-4,-1,0,1,1,3,3,4,5,7,7,7,10,11,11,13,14,15,17,19,20,24,25,27,30,31,35,35,40,40,44,47,50,50,55,56,60,62,65,70,72,75,78,81,87,89,92,95,100,105,107,110,116,
-23,-23,0,0,0,0,0,0,0,-22,-22,-22,-21,-20,-20,-19,-18,-18,-18,-18,-18,-18,-18,-17,-17,-17,-17,-17,-17,-17,-17,-14,-14,0,0,0,0,0,0,-11,-11,-10,-8,-7,-6,-6,-6,-6,-5,-5,-4,-4,-1,0,0,1,1,3,4,5,6,7,7,9,11,11,11,14,15,15,19,20,24,25,26,30,31,35,35,39,40,43,47,50,50,55,56,61,62,65,70,72,76,80,82,86,89,92,97,101,105,107,112,117,
-24,0,0,0,0,0,0,0,-23,-23,-23,-23,-22,-22,-22,-22,-21,-21,-18,-18,-18,-18,-18,-18,-18,-17,-17,-17,-17,-17,-17,-17,-16,0,0,0,0,0,0,-11,-11,-11,-10,-8,-7,-6,-6,-6,-6,-5,-5,-4,-2,0,0,1,1,2,4,4,5,6,7,8,10,11,11,13,15,15,18,20,23,25,26,30,32,34,36,38,40,44,47,48,51,55,57,62,62,67,70,72,77,80,83,86,90,94,98,102,105,111,113,117,
-25,0,0,0,0,0,0,0,-24,-23,-23,-23,-23,-23,-23,-23,-23,-23,-23,-23,-19,-19,-19,-18,-18,-18,-18,-17,-17,-17,-17,-17,-17,0,0,0,0,0,0,-11,-11,-11,-11,-10,-8,-8,-6,-6,-6,-6,-5,-4,-2,0,0,0,1,2,2,4,4,6,7,8,10,11,11,12,15,15,18,21,22,26,26,29,32,33,37,38,41,43,47,48,52,55,58,62,63,67,69,73,78,80,84,87,92,95,98,102,108,111,113,119,
-26,0,0,0,0,0,0,0,-24,-24,-24,-24,-24,-23,-23,-23,-23,-23,-23,-23,-23,-22,-22,-21,-20,-20,-18,-18,-18,-17,-17,-17,-17,0,0,0,0,0,0,-13,-11,-11,-11,-11,-10,-8,-7,-7,-6,-6,-6,-4,-3,-1,0,0,1,1,2,4,4,5,6,7,8,10,11,11,14,16,17,21,22,25,26,29,32,34,37,37,42,44,48,48,52,55,58,62,63,69,69,73,80,80,84,89,93,95,100,105,108,112,117,120,
-27,0,0,0,0,0,0,-26,-25,-24,-24,-24,-24,-24,-24,-24,-24,-23,-23,-23,-23,-23,-23,-22,-22,-21,-20,-20,-20,-19,-18,0,0,0,0,0,0,0,0,0,-12,-12,-11,-11,-11,-10,-8,-7,-7,-6,-6,-5,-3,-2,0,0,0,1,2,3,4,4,6,7,8,9,11,11,13,16,18,20,23,24,26,29,33,33,36,38,42,44,47,48,53,55,59,61,65,69,70,75,80,80,85,91,93,95,103,105,108,114,118,121,
0,0,0,0,0,0,0,-27,-27,-27,-27,-26,-25,-25,-24,-24,-24,-24,-24,-24,-23,-23,-23,-23,-22,-22,-22,-21,0,0,0,0,0,0,0,0,0,0,0,0,0,0,0,0,-11,-11,-9,-7,-7,-7,-6,-5,-4,-2,-2,0,0,1,1,3,3,4,5,6,8,9,10,11,14,15,18,19,23,24,26,30,32,33,36,39,41,45,47,49,54,55,60,62,65,69,71,77,79,82,88,92,93,100,103,106,111,116,118,123,
0,0,0,0,0,0,0,-27,-27,-27,-27,-27,-27,-27,-26,-26,-26,-26,-26,-25,-24,-24,-23,-23,-22,-22,-22,-22,0,0,0,0,0,0,0,0,0,0,0,0,0,0,0,-12,-12,-11,-10,-9,-7,-7,-7,-5,-4,-2,-2,-1,0,1,1,3,3,4,5,5,8,9,9,11,14,16,18,20,22,25,26,30,31,33,37,40,42,45,46,52,54,56,61,63,67,70,73,77,79,85,88,91,96,100,103,110,112,116,122,125,
0,0,0,0,0,0,0,-27,-27,-27,-27,-27,-27,-27,-27,-27,-26,-26,-26,-26,-26,-26,-26,-26,-24,-23,-22,-22,-22,-22,-21,-20,-20,-20,-20,-19,-17,-17,-17,-16,-16,-14,-13,-13,-12,-12,-12,-9,-8,-7,-6,-5,-4,-3,-2,-2,-1,1,1,3,3,3,4,5,7,8,9,11,15,15,19,21,22,25,26,30,31,34,37,41,42,45,48,52,54,56,61,64,68,71,74,77,82,85,88,93,97,100,106,111,113,119,123,128,
0,0,0,0,0,0,0,-29,-28,-28,-27,-27,-27,-27,-27,-27,-27,-27,-26,-26,-26,-26,-26,-26,-26,-25,-24,-23,-23,-23,-23,-21,-20,-20,-20,-20,-18,-18,-17,-17,-17,-14,-13,-13,-13,-12,-12,-11,-9,-8,-6,-5,-5,-3,-3,-2,0,0,1,1,3,3,4,5,6,8,9,10,14,16,18,21,22,25,28,30,32,35,38,40,43,45,49,53,54,59,62,65,69,72,75,80,84,85,91,95,99,102,108,111,117,120,126,131,
0,0,0,0,0,0,0,-31,-31,-31,-31,-30,-30,-29,-27,-27,-27,-27,-27,-27,-26,-26,-26,-26,-26,-26,-25,-25,-24,-24,-23,-23,-22,-21,-20,-20,-19,-18,-18,-17,-17,-16,-15,-13,-13,-13,-12,-11,-10,-8,-7,-5,-4,-4,-3,-3,-1,0,0,2,3,3,3,5,6,7,10,11,13,17,17,21,22,24,28,30,33,35,39,40,44,46,51,53,55,61,63,67,70,73,77,81,84,88,93,95,101,105,108,115,118,122,127,132,
0,0,0,0,0,0,0,-31,-31,-31,-31,-31,-31,-31,-31,-31,-30,-28,-28,-28,-28,-26,-26,-26,-26,-26,-25,-25,-25,-25,-24,-24,-23,-22,-21,-21,-20,-19,-18,-18,-18,-16,-15,-15,-14,-13,-13,-11,-11,-8,-7,-6,-4,-4,-4,-3,-1,0,0,2,3,3,3,6,6,6,11,12,14,17,17,22,23,25,29,30,33,36,39,41,45,48,51,53,57,62,64,67,69,74,78,81,86,91,93,98,103,107,111,116,120,125,129,135,
0,0,0,0,0,0,0,-31,-31,-31,-31,-31,-31,-31,-31,-31,-31,-31,-30,-30,-29,-28,-28,-27,-27,-27,-26,-25,-25,-25,-25,-24,-24,-23,-23,-21,-20,-20,-20,-18,-18,-17,-15,-15,-15,-14,-13,-13,-10,-9,-7,-7,-5,-4,-4,-4,-2,0,0,1,2,3,3,4,6,7,10,13,14,17,19,22,23,25,29,30,35,36,39,42,47,48,52,53,59,62,64,68,72,75,80,83,89,91,96,100,104,110,113,119,122,128,133,136,
-35,0,0,0,0,0,0,-33,-32,-31,-31,-31,-31,-31,-31,-31,-31,-31,-31,-31,-30,-30,-29,-29,-28,-27,-26,-26,-26,-26,-26,-25,-25,-24,-23,-22,-21,-20,-20,-20,-19,-17,-16,-16,-15,-14,-14,-14,-11,-8,-7,-6,-6,-5,-4,-4,-3,-2,0,1,1,3,3,4,6,8,9,13,14,16,20,21,24,26,30,31,36,36,42,43,47,49,52,58,59,63,65,71,74,77,83,86,89,94,99,101,106,112,116,120,125,130,135,142,
-36,0,0,0,0,0,0,-34,-34,-33,-33,-33,-32,-32,-32,-32,-31,-31,-31,-31,-31,-30,-30,-30,-29,-28,-27,-27,-26,-26,-26,-26,-26,-26,-23,-23,-21,-21,-20,-20,-20,-18,-17,-16,-16,-15,-14,-13,-12,-9,-8,-6,-6,-6,-5,-4,-3,-3,1,1,1,3,4,4,7,8,10,13,14,17,20,20,26,27,30,33,35,39,42,44,48,49,56,57,61,64,67,72,75,80,84,87,92,96,101,104,109,114,119,125,127,133,139,143,
-36,0,0,0,0,0,0,-35,-35,-35,-34,-34,-34,-34,-33,-32,-32,-32,-32,-32,-32,-32,-31,-30,-30,-28,-27,-27,-27,-27,-27,-26,-26,-26,-25,-24,-22,-21,-21,-21,-20,-18,-17,-17,-17,-16,-15,-13,-10,-10,-9,-6,-6,-6,-6,-3,-3,-3,-1,1,1,2,4,6,7,10,10,12,16,18,20,24,26,28,31,33,36,40,43,45,48,53,56,58,62,66,70,73,79,80,86,91,95,99,102,107,112,117,123,127,134,137,140,147,
-37,0,0,0,0,0,0,0,-35,-35,-35,-35,-35,-35,-34,-34,-33,-33,-33,-33,-32,-32,-32,-31,-31,-30,-29,-29,-27,-27,-27,-27,-27,-26,-26,-24,-23,-22,-22,-21,-21,-19,-17,-17,-17,-17,-15,-13,-10,-10,-9,-7,-6,-6,-6,-5,-3,-2,-1,0,1,3,4,6,8,9,11,13,17,18,21,24,26,29,31,35,38,40,43,48,50,54,56,61,64,68,71,77,79,84,89,91,98,102,106,110,115,121,124,131,136,142,146,152,
-39,-38,0,0,0,0,0,0,-36,-36,-36,-35,-35,-35,-35,-35,-35,-34,-33,-33,-33,-33,-33,-33,-30,-30,-29,-29,-29,-28,-28,-28,-27,-27,-27,-25,-24,-22,-22,-22,-22,-20,-19,-17,-17,-16,-16,-14,-10,-10,-9,-9,-7,-6,-6,-5,-4,-2,-1,-1,1,3,5,7,9,9,11,15,16,19,21,26,26,30,33,38,38,42,45,49,52,55,59,62,67,69,75,78,82,87,90,95,99,106,109,113,118,122,129,134,141,145,151,157,
-39,-39,0,0,0,0,0,0,-37,-36,-36,-36,-36,-36,-36,-36,-36,-36,-36,-34,-33,-33,-33,-32,-32,-31,-31,-29,-29,-29,-28,-28,-28,-28,-28,-25,-25,-23,-22,-22,-22,-21,-20,-18,-16,-16,-16,-14,-12,-9,-9,-9,-8,-7,-6,-5,-5,-2,-1,-1,0,5,6,6,9,10,14,15,16,21,23,26,27,33,35,38,39,45,46,51,53,58,61,64,68,74,75,81,86,89,94,97,104,107,114,117,124,127,132,138,143,149,156,162,
-39,-39,0,0,0,0,0,0,0,-37,-37,-37,-37,-37,-36,-36,-36,-36,-36,-36,-36,-35,-33,-33,-33,-31,-31,-30,-30,-30,-29,-28,-28,-28,-27,-26,-26,-25,-23,-22,-21,-21,-20,-18,-18,-16,-15,-13,-12,-11,-9,-9,-8,-8,-5,-5,-4,-4,-1,-1,1,6,6,7,10,12,14,16,17,23,23,27,29,33,35,37,43,45,48,52,56,60,63,67,72,74,80,84,87,93,96,101,106,112,116,123,124,132,136,142,147,154,161,166,
-41,-41,-41,0,0,0,0,0,0,-37,-37,-37,-37,-37,-37,-37,-37,-37,-37,-37,-35,-35,-34,-33,-33,-33,-32,-31,-31,-31,-30,-30,-29,-28,-27,-26,-26,-26,-25,-24,-22,-21,-20,-19,-18,-17,-15,-13,-11,-11,-11,-9,-8,-8,-7,-5,-4,-4,-3,1,3,4,7,8,12,13,15,16,21,23,25,27,32,33,36,40,44,46,50,56,58,62,65,70,74,78,82,86,92,95,100,105,110,114,121,124,132,135,142,147,153,160,164,172,
-43,-42,-42,0,0,0,0,0,0,-40,-38,-38,-38,-38,-38,-38,-37,-37,-37,-36,-36,-36,-35,-35,-33,-33,-32,-31,-31,-31,-31,-31,-31,-28,-28,-26,0,0,-25,-24,-23,-21,-19,-19,-18,-17,-17,-13,-11,-11,-11,-11,-8,-7,-7,-6,-4,-4,-1,3,4,4,7,11,12,15,15,20,21,21,26,29,33,34,41,42,45,49,53,56,61,64,69,72,77,81,85,90,93,99,104,109,113,119,125,130,136,142,148,152,159,165,171,179,
-43,-43,-42,-42,0,0,0,0,0,0,-40,-40,-38,-38,-38,-38,-38,-37,-37,-37,-37,-37,-37,-35,-35,-35,-33,-31,-31,-31,-31,-31,-30,-29,-29,-28,0,0,0,-23,-22,-21,-21,-19,-17,-17,-15,-14,-12,-11,-11,-10,-10,-7,-6,-6,-5,-2,1,1,4,5,8,11,13,15,18,20,21,24,29,31,33,39,41,43,50,51,55,59,62,68,71,75,81,84,88,93,98,104,108,113,117,124,128,135,140,147,154,158,166,171,177,184,
-44,-44,-44,-43,-43,0,0,0,0,0,0,-41,-41,-40,-40,-37,-37,-37,-37,-37,-37,-37,-37,-37,-36,-36,-35,-32,-32,-32,-31,-31,-30,-30,-29,-28,0,0,-25,-22,-22,-21,-21,-20,-19,-17,-14,-14,-13,-12,-11,-10,-9,-8,-6,-6,-5,1,1,1,5,6,9,13,14,16,20,21,24,27,31,31,39,39,44,48,51,53,58,62,66,69,74,79,84,88,92,98,102,108,112,117,123,129,134,140,146,152,159,164,171,177,184,190,
-44,-44,-44,-43,-43,0,0,0,0,0,0,-42,-41,-40,-39,-39,-38,-38,-38,-38,-37,-37,-37,-37,-36,-36,-35,-33,-33,-33,-33,-31,-30,-30,-29,0,0,0,-25,-24,-22,-21,-20,-20,-19,-19,-14,-13,-13,-13,-12,-10,-9,-8,-7,-5,-2,0,1,2,5,9,11,12,16,18,21,22,27,28,32,36,39,41,47,49,53,57,61,66,68,73,78,82,87,91,97,101,108,110,118,122,128,133,138,146,150,158,164,170,177,183,191,197,
-46,-46,-45,-45,-43,-43,0,0,0,0,0,0,-41,-41,-41,-40,-40,-40,-39,-39,-38,-38,-38,-37,-36,-36,-35,-34,-33,-33,-32,-32,-32,-32,-28,0,0,0,-25,-24,-23,-21,-20,-19,-19,-16,-15,-13,-13,-13,-12,-10,-9,-8,-7,-4,-1,-1,1,4,6,11,11,15,18,20,23,25,27,31,33,37,40,45,49,52,57,59,65,69,72,78,81,85,91,97,100,107,110,117,122,128,135,139,145,152,157,165,170,177,184,192,200,206,
-48,-48,-47,-45,-44,-44,-43,0,0,0,0,0,0,-41,-41,-40,-40,-40,-40,-39,-39,-39,-39,-39,-38,-37,-35,-34,-33,-32,-32,-32,-32,-32,0,0,0,0,-25,-24,-22,-22,-21,-19,-18,-16,-16,-14,-13,-13,-12,-10,-9,-6,-6,-2,-1,-1,3,6,8,10,14,15,20,23,24,26,32,32,36,41,43,47,50,55,59,63,67,72,77,81,86,90,95,101,107,110,115,122,127,134,139,145,152,157,164,172,178,185,192,200,206,213,
-48,-48,-48,-47,-45,-43,-43,-43,0,0,0,0,0,0,-41,-41,-40,-40,-40,-40,-39,-39,-39,-39,-38,-37,-37,-36,-34,-33,-32,-32,-32,0,0,0,0,0,-26,-22,-22,-22,-22,-19,-17,-16,-15,-15,-14,-14,-11,-10,-7,-6,-4,-2,-2,2,5,6,9,12,15,17,21,24,25,31,32,35,39,42,47,50,54,58,64,67,70,77,80,84,90,95,99,105,113,118,121,126,133,140,146,152,161,166,172,180,186,193,199,208,217,222,
-48,-47,-47,-47,-44,-44,-44,-44,-43,0,0,0,0,0,0,0,-42,-42,-40,-40,-40,-39,-39,-39,-37,-37,-36,-35,-35,-34,-33,-32,0,0,0,0,0,0,-25,-23,-23,-22,-21,-19,-17,-17,-15,-15,-14,-12,-12,-8,-7,-6,-3,-1,1,4,6,9,11,15,16,21,22,26,30,31,35,38,41,47,49,53,57,62,67,69,77,80,85,90,96,100,105,112,116,123,128,134,140,147,153,159,166,173,179,186,193,202,209,218,225,233,
-49,-49,-47,-46,-44,-44,-44,-44,-44,-44,-43,0,0,0,0,0,0,-42,-42,-42,-42,-41,-40,-39,-37,-36,-35,-35,-34,-33,0,0,0,0,0,0,0,0,-25,-23,-23,-22,-20,-18,-17,-17,-16,-15,-14,-11,-9,-8,-6,-5,-3,0,3,4,9,10,12,16,19,22,25,28,30,34,38,41,46,49,53,57,61,66,71,75,80,85,88,95,101,104,110,117,123,130,135,141,146,153,160,166,173,180,189,197,202,210,219,226,235,245,
-49,-48,-48,-47,-46,-46,-45,-45,-45,-44,-44,-44,-43,0,0,0,0,0,0,0,-42,-42,-40,-37,-37,-37,-35,0,0,0,0,0,0,0,0,0,0,-27,-25,-23,-22,-22,-19,-19,-17,-16,-16,-16,-10,-9,-9,-8,-5,-3,-2,2,3,6,10,12,15,19,20,25,28,29,36,37,40,47,47,53,56,62,65,70,75,81,83,90,94,100,106,111,116,123,129,134,142,149,154,161,168,177,182,190,198,206,214,220,228,239,245,255,
-48,-48,-47,-47,-46,-46,-46,-46,-46,-46,-45,-45,-45,-44,-44,0,0,0,0,0,0,0,0,0,0,0,0,0,0,0,0,0,0,0,0,0,0,-26,-25,-23,-22,-22,-19,-19,-19,-16,-15,-13,-11,-9,-8,-7,-4,-1,0,2,6,9,10,15,17,21,24,27,29,34,36,40,45,47,53,55,61,65,70,74,81,84,90,94,100,105,113,118,123,129,135,141,149,156,162,170,177,185,192,199,206,214,224,232,240,249,257,266,
-48,-48,-47,-47,-46,-46,-46,-46,-46,-46,-46,-46,-46,-45,-44,-44,-43,-43,0,0,0,0,0,0,0,0,0,0,0,0,0,0,0,0,-27,-27,-27,-26,-24,-24,-22,-19,-19,-19,-17,-16,-13,-12,-10,-9,-6,-5,-2,0,2,5,9,9,14,16,20,24,27,29,34,35,42,44,49,53,56,60,65,71,74,80,85,89,94,101,106,111,118,124,129,137,143,150,157,164,171,177,185,194,201,210,218,226,234,242,252,261,269,279,
-49,-48,-48,-48,-46,-46,-46,-46,-46,-46,-46,-46,-46,-46,-45,-44,-42,-41,-40,-40,-40,-39,-39,-38,-37,-36,-36,-36,-35,-34,-32,-31,-30,-30,-29,-27,-26,-25,-24,-24,-22,-19,-19,-18,-16,-14,-13,-10,-10,-7,-5,-3,-1,2,5,8,10,15,16,20,23,26,30,33,36,40,44,47,53,58,60,66,69,75,80,85,91,95,100,106,112,119,125,132,138,146,152,158,165,172,180,188,196,205,212,219,229,236,244,254,264,274,283,292,
-50,-49,-48,-47,-47,-47,-47,-47,-45,-45,-45,-45,-45,-45,-45,-43,-42,-41,-40,-40,-39,-39,-39,-38,-37,-37,-37,-36,-35,-32,-31,-30,-30,-30,-29,-28,-25,-24,-24,-22,-22,-19,-18,-16,-15,-14,-11,-9,-8,-6,-4,-1,1,4,6,9,14,16,19,23,26,30,33,37,41,43,48,53,57,60,64,70,75,79,85,91,96,102,108,112,120,127,133,139,146,152,160,167,174,182,188,197,206,215,223,231,240,249,260,267,277,287,297,307,
-50,-50,-50,-47,-47,-46,-46,-46,-46,-46,-46,-46,-45,-44,-44,-42,-41,-41,-41,-40,-39,-39,-39,-38,-37,-37,-37,-35,-35,-33,-30,-30,-30,-29,-28,-27,-26,-24,-21,-21,-20,-18,-18,-15,-15,-10,-9,-8,-7,-5,-2,0,4,5,9,13,14,19,21,27,29,33,38,41,43,49,52,58,63,64,71,75,81,84,92,97,102,109,115,121,127,133,139,147,153,161,168,175,184,193,200,207,216,225,236,243,252,262,272,280,291,302,312,322,
-49,-49,-48,-48,-48,-47,-47,-47,-46,-45,-45,-45,-45,-44,-43,-43,-42,-41,-40,-40,-40,-40,-39,-37,-36,-35,-35,-35,-35,-32,-31,-30,-30,-28,-27,-27,-25,-23,-21,-20,-19,-18,-16,-13,-12,-9,-9,-6,-5,-1,-1,4,6,8,13,15,19,22,25,29,33,38,40,45,48,53,57,62,65,71,74,81,87,91,97,103,109,117,121,128,135,141,149,157,164,172,179,186,194,202,211,219,228,236,246,256,266,277,285,297,306,317,327,339,
-50,-49,-48,-48,-48,-48,-46,-46,-46,-46,-46,-44,-44,-43,-43,-43,-42,-41,-41,-41,-40,-40,-38,-36,-35,-35,-35,-35,-32,-32,-32,-31,-28,-26,-26,-26,-24,-22,-21,-19,-19,-16,-14,-12,-10,-9,-7,-5,-1,0,2,6,9,11,15,18,22,26,28,33,37,41,44,49,53,58,61,69,70,77,81,87,93,98,105,110,115,123,130,137,144,149,157,165,172,180,189,197,204,213,221,233,241,250,259,269,279,289,301,311,322,332,345,357,
-49,-49,-49,-48,-48,-47,-47,-46,-46,-45,-45,-45,-44,-43,-42,-42,-42,-41,-41,-40,-40,-39,-38,-36,-35,-35,-34,-33,-32,-32,-30,-30,-27,-26,-25,-24,-22,-21,-20,-18,-17,-13,-12,-11,-10,-5,-5,-4,1,2,5,9,12,14,18,22,25,30,33,36,42,44,49,54,58,63,67,71,77,81,87,93,99,105,110,118,124,130,138,145,152,161,168,176,184,192,200,210,218,227,236,245,254,264,274,283,294,305,315,327,337,350,361,374,
-49,-48,-48,-48,-48,-48,-48,-46,-46,-45,-45,-44,-44,-43,-43,-42,-41,-40,-40,-40,-38,-38,-38,-37,-37,-34,-32,-32,-30,-30,-30,-29,-27,-26,-24,-22,-21,-20,-19,-17,-14,-12,-12,-9,-6,-5,-4,0,4,5,6,12,16,18,22,26,30,33,37,43,44,50,53,58,63,68,74,77,82,89,94,99,107,112,119,127,133,140,146,153,161,169,177,184,193,202,210,218,228,237,249,258,267,278,287,299,311,321,332,343,355,368,379,393,
-49,-49,-49,-48,-47,-47,-47,-47,-46,-46,-45,-44,-42,-42,-42,-42,-42,-39,-39,-38,-38,-37,-37,-35,-35,-34,-32,-30,-30,-30,-29,-27,-25,-24,-22,-21,-21,-18,-16,-16,-13,-11,-8,-7,-7,-3,1,2,6,9,12,16,18,23,26,29,32,38,41,45,49,54,60,63,69,74,80,84,89,96,101,107,115,120,127,134,141,148,155,162,172,180,188,197,206,214,222,232,241,251,263,273,283,293,305,315,328,339,350,361,374,388,400,413,
-49,-49,-48,-48,-48,-47,-47,-47,-44,-43,-43,-43,-43,-43,-43,-41,-39,-38,-37,-37,-37,-36,-35,-35,-33,-33,-33,-31,-30,-29,-25,-25,-25,-23,-22,-22,-17,-16,-15,-13,-11,-8,-7,-7,-2,1,2,6,10,12,16,18,23,25,30,34,39,42,48,50,55,59,66,70,74,80,87,91,96,104,108,115,122,127,136,144,150,158,165,173,181,190,199,208,217,228,236,246,255,265,276,287,297,310,321,332,345,356,368,381,395,406,420,435,
-49,-49,-48,-48,-48,-47,-46,-44,-42,-42,-42,-42,-41,-41,-41,-41,-39,-39,-38,-36,-36,-36,-33,-33,-33,-33,-31,-28,-27,-26,-25,-24,-24,-22,-19,-18,-16,-15,-12,-11,-9,-6,-4,-2,0,3,6,9,12,16,19,23,26,29,34,37,43,46,51,55,60,66,70,75,80,88,93,97,104,111,118,122,131,137,144,153,161,167,177,185,193,202,211,219,230,238,249,261,270,280,292,302,314,326,338,349,363,374,386,401,414,429,442,456,
-49,-47,-47,-47,-45,-44,-44,-44,-43,-41,-41,-41,-41,-41,-40,-40,-38,-38,-38,-38,-34,-32,-32,-32,-31,-31,-28,-27,-27,-26,-24,-23,-19,-18,-18,-17,-16,-11,-10,-9,-6,-4,-2,0,4,7,9,12,17,20,22,29,30,35,40,43,47,52,56,60,67,70,77,83,86,94,99,104,111,119,125,132,139,149,154,162,171,179,187,196,206,216,225,233,243,255,265,274,285,297,308,320,332,343,357,370,382,395,409,422,438,452,465,481,
-47,-47,-46,-45,-45,-45,-44,-42,-42,-42,-41,-41,-41,-38,-38,-37,-37,-36,-36,-36,-34,-32,-31,-30,-30,-28,-28,-26,-25,-23,-21,-19,-19,-18,-16,-13,-12,-10,-8,-6,-3,-1,1,4,6,11,13,16,20,23,28,30,36,40,43,48,54,58,62,66,72,78,83,90,94,102,108,115,119,127,134,142,150,157,166,173,182,190,199,208,218,229,237,247,259,270,279,290,302,314,325,338,349,363,375,389,402,417,430,445,459,475,490,507,
-46,-45,-45,-44,-44,-43,-43,-42,-42,-41,-40,-38,-38,-38,-36,-36,-36,-35,-34,-34,-33,-31,-30,-28,-27,-27,-26,-24,-21,-21,-21,-20,-17,-14,-13,-13,-11,-7,-4,-3,0,1,4,10,10,14,17,20,26,28,32,36,40,46,49,54,58,64,67,73,79,84,90,97,104,109,114,122,130,137,144,151,160,168,177,185,195,202,212,223,231,242,251,262,274,284,295,307,319,332,344,356,369,383,397,409,425,437,455,470,485,498,515,532,
-44,-43,-43,-43,-43,-43,-42,-41,-41,-40,-39,-38,-37,-36,-35,-34,-33,-33,-32,-31,-31,-30,-29,-27,-26,-26,-23,-21,-20,-19,-18,-17,-14,-13,-12,-8,-7,-4,-1,-1,3,6,9,10,16,19,21,26,29,33,35,42,46,52,55,59,64,70,75,80,86,92,99,104,111,118,124,131,139,147,155,162,170,179,187,195,206,215,225,236,246,257,267,277,289,300,314,324,338,350,364,378,390,405,419,433,448,461,478,492,509,526,543,560,
-44,-44,-43,-43,-43,-41,-39,-38,-37,-37,-37,-37,-35,-34,-33,-32,-32,-32,-31,-30,-29,-28,-26,-24,-23,-22,-20,-19,-19,-17,-17,-13,-11,-10,-8,-7,-3,0,0,4,6,8,14,16,18,24,26,30,33,39,42,48,51,57,62,66,71,77,83,88,95,100,107,113,120,127,135,142,150,158,167,174,183,192,201,211,219,230,240,251,261,272,283,295,305,319,329,344,357,369,384,398,411,426,440,456,472,488,504,520,537,555,571,589,
-44,-43,-42,-40,-37,-37,-37,-37,-37,-37,-37,-36,-34,-33,-30,-30,-30,-29,-28,-28,-26,-25,-24,-22,-22,-20,-19,-17,-16,-15,-13,-12,-8,-6,-5,-1,-1,3,4,8,11,15,16,22,23,28,33,37,40,44,48,53,58,63,70,72,79,83,90,96,101,109,116,123,128,137,144,152,159,167,177,186,195,206,213,223,233,244,255,265,277,289,301,311,324,338,351,364,376,391,406,422,435,451,466,482,497,514,533,549,567,584,603,621,
