-13,-13,-13,-13,-13,-13,-13,-12,-11,-11,-9,-9,-9,-8,-8,-8,-8,-8,0,0,0,0,0,0,0,0,-8,-7,-7,-7,-7,-7,-7,-7,-6,-6,-6,-5,-5,-5,-4,-4,-3,-1,-1,0,0,0,1,3,3,3,3,3,6,6,6,6,7,9,9,10,11,13,13,14,17,18,19,20,24,25,25,28,30,31,34,36,38,40,42,47,47,50,52,55,56,61,63,65,69,72,73,75,83,84,87,90,94,98,101,104,108,112,
-15,-15,-15,-15,-13,-13,-13,-13,-13,-13,-13,-13,-11,-11,0,0,0,0,0,0,0,0,0,0,0,0,0,0,0,0,-7,-7,-7,-7,-7,-7,-6,-6,-6,-5,-5,-5,-4,-4,-1,-1,0,0,0,1,3,3,3,3,3,6,6,6,6,7,9,10,11,11,13,14,16,18,19,20,20,24,25,27,29,30,34,35,38,39,42,46,47,48,52,54,56,59,62,64,69,70,73,75,82,84,85,90,94,97,101,104,108,113,
-15,-15,-15,-15,-15,-15,-15,-15,-14,-13,-13,-13,0,0,0,0,0,0,0,0,0,-9,-9,-9,-8,0,0,0,0,0,0,0,-7,-7,-7,-7,-7,-6,-6,-6,-6,-5,-5,-4,-4,-1,-1,0,0,0,2,3,3,3,3,4,6,6,6,7,9,9,10,11,13,13,14,17,18,20,20,24,25,26,29,30,32,35,37,39,41,43,47,48,51,53,56,59,62,64,69,70,73,75,81,84,85,90,93,97,101,104,108,113,
-15,-15,-15,-15,-15,-15,-15,-15,-15,-15,0,0,0,0,0,0,0,0,-13,-12,-11,-10,-9,-9,-9,-9,-9,-8,0,0,0,0,0,-8,-7,-7,-7,-7,-7,-6,-6,-6,-5,-5,-4,-4,-1,-1,0,0,0,2,3,3,3,3,5,6,6,6,7,9,10,11,11,13,13,17,18,19,20,22,25,26,29,30,31,35,37,38,41,43,47,48,50,52,56,58,62,64,68,70,72,76,81,84,85,89,93,98,101,103,108,112,
-17,-17,-17,-17,-16,-15,-15,-15,-15,0,0,0,0,0,0,0,-14,-14,-14,-13,-13,-13,-12,-12,-10,-9,-9,-9,-9,-9,0,0,0,0,0,-8,-7,-7,-7,-7,-7,-6,-6,-5,-5,-4,-4,-2,-1,0,0,1,2,3,3,3,3,6,6,6,6,9,9,10,11,13,13,15,17,18,20,21,24,26,26,29,30,35,36,38,40,43,46,48,50,52,57,57,62,64,68,70,72,75,81,83,85,89,93,98,101,104,107,112,
-17,-17,-17,-17,-17,-17,-17,-17,0,0,0,0,0,0,0,-15,-15,-15,-15,-15,-14,-14,-14,-13,-13,-12,-12,-10,-9,-9,-9,0,0,0,0,0,-8,-8,-7,-7,-7,-7,-6,-6,-6,-5,-4,-4,-2,0,0,1,1,2,3,3,3,3,6,6,6,7,9,9,10,12,13,13,17,18,20,20,23,26,26,29,30,34,36,38,39,43,46,48,48,52,56,57,61,63,67,70,72,77,81,83,84,89,94,98,101,104,107,113,
-18,-17,-17,-17,-17,-17,-17,0,0,0,0,0,0,0,-17,-16,-16,-16,-16,-15,-15,-15,-15,-14,-14,-14,-13,-13,-12,-12,-9,-9,0,0,0,0,0,-8,-8,-7,-7,-7,-7,-7,-6,-6,-5,-4,-4,-2,0,1,1,1,2,3,3,3,4,6,6,6,8,9,10,11,13,13,16,17,19,20,21,25,26,29,30,34,36,36,39,43,44,48,48,53,55,58,61,63,66,70,71,77,81,83,84,90,94,98,100,104,108,113,
-20,-20,-20,-19,-18,-18,0,0,0,0,0,0,0,-17,-17,-17,-17,-17,-17,-16,-16,-16,-16,-16,-15,-15,-14,-14,-14,-13,-12,-12,-10,0,0,0,0,0,-8,-8,-8,-7,-7,-7,-7,-6,-6,-5,-4,-2,-2,1,1,1,2,3,3,3,3,6,6,6,6,9,9,10,12,13,13,17,19,20,21,25,26,27,29,33,36,36,38,41,44,47,48,52,55,58,62,63,66,71,71,77,81,82,84,90,94,98,99,104,110,113,
-20,-20,-20,-20,-20,0,0,0,0,0,0,0,-17,-17,-17,-17,-17,-17,-17,-17,-17,-17,-16,-16,-16,-16,-16,-16,-14,-14,-14,-14,-12,-12,0,0,0,0,0,-8,-8,-8,-7,-7,-7,-7,-6,-6,-5,-4,-2,0,1,1,1,2,3,3,3,3,6,6,6,8,9,10,12,13,13,16,17,19,21,23,26,27,30,32,35,36,38,41,44,47,49,51,55,58,61,63,66,70,72,77,80,82,86,92,94,98,99,107,110,112,
-22,-22,-22,-22,0,0,0,0,0,0,0,-19,-19,-19,-19,-17,-17,-17,-17,-17,-17,-17,-17,-17,-16,-16,-16,-16,-16,-16,-15,-14,-14,-14,0,0,0,0,0,0,-9,-8,-8,-8,-7,-7,-7,-6,-6,-5,-4,0,0,1,1,1,2,3,3,3,3,6,6,6,9,9,10,12,13,15,17,19,20,22,26,27,28,32,34,36,38,41,44,46,49,51,56,57,61,62,67,70,72,77,79,82,86,92,93,98,100,107,110,112,
-23,-23,-23,-22,0,0,0,0,0,0,0,-21,-21,-21,-20,-20,-19,-19,-19,-19,-17,-17,-17,-17,-17,-17,-16,-16,-16,-16,-16,-16,-15,-15,-14,0,0,0,0,0,-9,-9,-9,-8,-8,-7,-7,-7,-6,-6,-5,-1,0,0,1,1,1,2,3,3,3,6,6,6,7,9,10,12,13,14,17,19,19,22,25,28,28,32,34,36,37,40,43,47,49,51,56,56,60,63,66,71,72,77,79,83,87,92,93,97,103,107,110,114,
-24,-24,-23,0,0,0,0,0,0,0,-22,-22,-21,-21,-21,-21,-21,-21,-21,-21,-20,-19,-19,-18,-17,-17,-17,-16,-16,-16,-16,-16,-16,-16,-15,0,0,0,0,0,0,-9,-9,-9,-8,-8,-7,-7,-7,-6,-6,-3,0,0,0,1,1,1,2,3,3,3,6,6,6,9,9,11,12,14,15,18,20,22,24,28,28,31,34,36,37,40,44,46,48,52,56,56,60,64,67,70,73,77,80,84,88,91,93,99,103,107,110,117,
-25,-24,-24,0,0,0,0,0,0,-23,-22,-22,-22,-22,-22,-22,-21,-21,-21,-21,-21,-21,-21,-20,-20,-19,-19,-17,-16,-16,-16,-16,-16,-16,-16,-15,0,0,0,0,0,-9,-9,-9,-9,-8,-8,-7,-7,-7,-6,-4,-3,0,0,1,1,1,2,3,3,3,5,6,6,7,9,10,12,13,15,18,20,22,23,26,28,29,34,35,37,40,44,46,48,52,55,56,61,64,67,70,73,78,81,84,88,91,94,99,103,108,112,116,
-27,-27,0,0,0,0,0,0,0,-24,-23,-23,-23,-22,-22,-22,-22,-22,-22,-22,-21,-21,-21,-21,-21,-21,-20,-20,-20,-19,-16,-16,-16,-16,-16,-16,0,0,0,0,0,0,-11,-9,-9,-9,-9,-8,-8,-7,-7,-4,-3,-1,0,0,1,1,1,2,3,3,3,6,6,7,8,10,11,12,15,19,19,21,23,26,28,29,34,35,37,40,45,45,49,52,55,58,61,65,67,70,73,77,81,85,88,92,96,101,103,109,112,116,
-27,-27,0,0,0,0,0,0,0,-26,-26,-25,-25,-24,-24,-23,-22,-22,-22,-22,-22,-22,-22,-21,-21,-21,-21,-21,-21,-20,-20,-19,-17,-16,-16,-16,0,0,0,0,0,0,-13,-11,-9,-9,-9,-9,-8,-8,-7,-5,-4,-2,0,0,0,1,1,1,2,3,3,4,6,6,7,9,11,12,14,17,19,22,23,25,28,29,34,35,38,40,44,46,48,52,54,58,60,65,67,71,74,78,81,86,89,93,98,101,103,110,112,117,
-28,0,0,0,0,0,0,0,-27,-27,-27,-27,-27,-26,-26,-26,-26,-26,-23,-22,-22,-22,-22,-22,-22,-22,-21,-21,-21,-21,-21,-19,-19,-19,-18,-16,-16,0,0,0,0,0,0,-13,-11,-9,-9,-9,-9,-8,-8,-5,-5,-3,-2,0,0,0,1,1,2,3,3,3,5,6,7,9,11,11,15,17,19,22,22,25,28,30,32,35,36,40,44,46,48,51,55,58,60,65,68,71,76,78,82,86,90,93,98,101,107,110,112,119,
-29,0,0,0,0,0,0,0,-27,-27,-27,-27,-27,-27,-27,-27,-27,-26,-26,-26,-25,-25,-24,-23,-22,-22,-22,-22,-22,-21,-21,-21,-20,-19,-19,-19,-18,0,0,0,0,0,0,-15,-14,-11,-10,-9,-9,-9,-8,-6,-5,-4,-3,0,0,0,0,1,1,2,3,3,4,6,6,7,10,11,15,17,19,21,22,24,29,30,31,36,37,40,44,46,48,52,55,59,60,65,68,72,76,80,82,88,90,94,99,103,107,111,115,120,
-32,0,0,0,0,0,0,0,-28,-28,-28,-28,-28,-27,-27,-27,-27,-27,-27,-27,-27,-26,-25,-25,-25,-24,-23,-23,-22,-22,-22,-21,-21,-20,-20,-19,-19,0,0,0,0,0,0,-15,-15,-14,-12,-10,-9,-9,-8,-6,-6,-4,-4,-2,0,0,0,1,1,1,2,3,3,5,6,7,9,13,14,18,18,20,22,25,28,30,32,36,38,41,44,46,49,54,56,58,61,67,68,72,76,80,83,87,91,95,100,104,107,113,118,120,
-32,0,0,0,0,0,0,0,-30,-28,-28,-28,-28,-28,-28,-28,-28,-27,-27,-27,-27,-27,-27,-26,-26,-25,-25,-24,-24,-23,-23,-22,-22,-20,-20,-20,-20,0,0,0,0,0,0,-15,-15,-15,-14,-12,-10,-9,-8,-7,-6,-4,-4,-3,0,0,0,0,1,1,2,3,3,4,6,7,7,13,14,16,18,19,22,26,28,30,32,35,39,41,44,47,50,55,56,58,64,68,68,74,77,82,84,89,91,97,101,104,110,114,118,122,
-33,0,0,0,0,0,0,-32,-32,-31,-31,-31,-30,-29,-29,-29,-29,-28,-28,-28,-28,-27,-27,-27,-26,-26,-26,-26,-25,-24,-24,-24,-23,-23,-21,-20,-20,0,0,0,0,0,0,0,-15,-15,-14,-14,-13,-10,-8,-7,-7,-5,-4,-4,-2,0,0,0,0,1,1,2,3,3,5,7,9,12,15,15,18,19,23,25,28,30,32,36,39,39,45,47,51,54,55,61,65,67,69,75,78,81,86,89,93,100,100,106,111,115,120,124,
-33,0,0,0,0,0,0,-33,-32,-32,-32,-32,-32,-31,-31,-30,-30,-30,-29,-29,-29,-29,-29,-28,-26,-26,-26,-26,-26,-26,-25,-24,-24,-24,-22,-22,-22,0,0,0,0,0,0,0,-15,-15,-14,-14,-14,-12,-8,-7,-7,-6,-5,-4,-3,0,0,0,0,0,1,2,2,3,4,6,9,11,15,15,18,19,23,25,29,30,33,37,39,40,45,48,51,54,56,60,65,67,71,77,78,83,86,91,95,100,102,109,112,117,122,126,
0,0,0,0,0,0,0,-33,-33,-33,-33,-33,-33,-32,-32,-32,-32,-30,-30,-30,-30,-30,-30,-29,-29,-28,-28,-27,-26,-26,-26,-26,-25,-24,-24,-23,-23,0,0,0,0,0,0,0,-17,-16,-15,-14,-14,-13,-11,-8,-7,-6,-6,-5,-3,-2,0,0,0,0,1,1,2,3,4,7,9,12,15,15,16,21,23,26,27,29,33,37,39,41,47,48,51,55,58,61,65,69,73,77,78,85,88,92,96,102,106,109,114,120,122,130,
0,0,0,0,0,0,0,-34,-34,-33,-33,-33,-33,-33,-33,-33,-33,-33,-32,-31,-30,-30,-30,-30,-30,-29,-28,-28,-28,-28,-27,-26,-26,-25,-25,-23,-23,0,0,0,0,0,0,0,-18,-17,-16,-14,-14,-13,-11,-11,-6,-6,-6,-6,-4,-3,0,0,0,0,0,1,2,2,4,7,10,12,14,15,18,20,24,26,27,31,34,37,39,42,48,48,53,56,59,61,65,71,74,77,81,86,88,93,98,103,107,111,117,120,127,131,
0,0,0,0,0,0,0,-36,-35,-34,-34,-34,-34,-34,-34,-34,-34,-33,-33,-33,-32,-32,-31,-30,-30,-30,-29,-29,-29,-28,-28,-28,-27,-27,-25,-24,-24,0,0,0,0,0,0,0,-18,-18,-18,-15,-13,-12,-12,-11,-9,-6,-6,-6,-5,-3,-2,0,0,0,0,1,1,2,5,7,10,12,12,16,18,23,24,25,29,33,34,38,40,44,47,49,54,57,59,63,68,71,74,80,82,86,91,96,102,104,110,113,119,124,129,133,
0,0,0,0,0,0,0,-37,-36,-36,-36,-36,-36,-35,-34,-34,-34,-34,-34,-34,-34,-34,-33,-32,-32,-30,-29,-29,-29,-29,-29,-29,-28,-28,-26,-25,-24,0,0,0,0,0,0,0,-19,-18,-18,-17,-14,-12,-12,-11,-10,-9,-6,-6,-5,-5,-2,0,0,0,0,0,1,3,5,7,10,12,12,17,19,21,24,25,29,32,35,37,42,44,48,50,56,57,60,67,68,72,77,80,83,88,95,98,103,106,112,115,122,126,131,137,
-39,0,0,0,0,0,0,-37,-37,-37,-36,-36,-36,-36,-36,-36,-36,-35,-35,-34,-34,-34,-34,-33,-33,-33,-32,-31,-29,-29,-29,-29,-29,-29,-28,-26,-25,0,0,0,0,0,0,0,-20,-19,-18,-16,-16,-13,-12,-11,-10,-10,-8,-6,-5,-5,-3,-2,0,0,0,0,2,4,5,7,8,11,14,16,20,21,24,26,31,33,35,38,43,45,49,53,55,58,64,66,68,76,78,81,87,90,96,99,104,108,115,119,124,129,135,139,
-41,0,0,0,0,0,0,-39,-39,-39,-37,-37,-37,-36,-36,-36,-36,-36,-36,-36,-36,-35,-35,-35,-33,-33,-32,-32,-32,-31,-31,-29,-29,-29,-29,-28,-27,0,0,0,0,0,0,0,-21,-20,-20,-16,-15,-15,-13,-11,-10,-10,-9,-6,-5,-5,-4,-2,0,0,0,1,1,4,5,6,9,12,14,17,21,21,26,26,32,33,36,40,43,44,51,53,57,61,65,66,73,76,80,86,88,93,99,101,106,112,117,122,126,132,137,143,
-42,0,0,0,0,0,0,-39,-39,-39,-39,-39,-39,-39,-39,-37,-37,-37,-36,-36,-36,-36,-36,-36,-35,-33,-33,-32,-32,-32,-31,-31,-31,-30,-29,-28,-27,0,0,0,0,0,0,0,-21,-21,-19,-18,-15,-15,-14,-11,-11,-10,-10,-8,-5,-5,-4,-4,-1,0,0,1,3,3,6,6,10,13,15,17,20,23,25,29,30,35,37,41,43,47,51,54,59,62,66,70,74,76,84,86,90,96,100,106,109,115,118,126,130,135,142,146,
-43,0,0,0,0,0,0,-41,-40,-40,-40,-39,-39,-39,-39,-39,-39,-38,-38,-38,-37,-37,-37,-37,-36,-35,-33,-33,-33,-33,-32,-31,-31,-31,-31,-29,0,0,0,0,0,0,0,-23,-22,-20,-20,-17,-16,-15,-15,-12,-11,-10,-10,-8,-8,-5,-4,-4,-1,0,1,3,3,3,5,8,11,13,15,17,22,23,27,30,32,35,39,41,45,49,52,56,60,63,69,71,75,81,84,88,93,96,103,108,112,117,123,127,134,138,145,151,
-44,0,0,0,0,0,0,-41,-41,-41,-41,-40,-40,-40,-40,-40,-40,-39,-39,-38,-38,-38,-38,-37,-36,-36,-35,-35,-33,-33,-33,-33,-32,-31,-30,-30,0,0,0,0,0,0,0,-23,-22,-21,-20,-18,-17,-16,-14,-13,-12,-11,-10,-8,-8,-6,-4,-4,-3,1,2,3,3,4,6,9,11,13,15,18,22,24,26,32,32,37,40,43,46,50,54,58,61,65,70,72,80,82,87,91,95,101,105,112,114,120,126,132,137,143,147,154,
-45,-45,0,0,0,0,0,0,-43,-42,-42,-42,-42,-41,-40,-40,-40,-40,-40,-40,-39,-39,-38,-38,-37,-37,-36,-35,-35,-35,-34,-34,-33,-32,-31,-30,0,0,0,0,0,0,0,-24,-22,-22,-20,-18,-18,-16,-15,-13,-13,-12,-10,-8,-8,-7,-5,-4,-2,0,3,3,3,5,5,10,11,14,17,20,22,25,27,32,34,40,41,44,48,52,55,59,63,68,73,77,80,86,89,93,100,103,110,114,120,123,131,134,142,147,153,157,
-46,-46,0,0,0,0,0,0,-44,-44,-43,-43,-42,-42,-42,-42,-41,-41,-41,-41,-40,-39,-39,-38,-38,-38,-37,-36,-36,-35,-35,-34,-34,-34,-31,-31,0,0,0,0,0,0,-25,-24,-22,-21,-21,-20,-18,-16,-15,-14,-13,-12,-11,-9,-8,-7,-5,-3,-1,0,3,3,5,5,8,9,12,14,19,20,23,26,29,33,36,41,43,46,50,53,59,61,66,71,75,77,83,88,92,98,102,108,111,119,123,127,132,140,145,151,158,163,
-47,-46,0,0,0,0,0,0,-45,-45,-44,-44,-44,-44,-43,-42,-42,-42,-41,-41,-41,-41,-40,-39,-39,-38,-38,-37,-37,-36,-36,-36,-34,-33,-32,0,0,0,0,0,0,0,-25,-25,-23,-22,-21,-20,-19,-16,-16,-14,-14,-13,-11,-9,-9,-7,-6,-3,-1,0,2,3,5,7,8,9,13,17,18,21,24,28,30,34,38,41,45,50,51,57,60,62,69,71,77,81,86,92,95,100,106,111,117,121,128,133,139,144,149,158,162,170,
-48,-48,-47,0,0,0,0,0,-45,-45,-45,-45,-45,-45,-45,-45,-44,-43,-42,-41,-41,-40,-40,-39,-39,-39,-39,-38,-38,-37,-37,-36,-36,-33,-33,0,0,0,0,0,0,0,-26,-25,-23,-22,-22,-20,-19,-17,-16,-15,-14,-13,-11,-10,-9,-7,-5,-3,0,0,1,6,7,8,8,11,15,17,19,22,27,29,33,36,39,43,47,51,54,59,61,68,69,77,79,84,89,95,98,104,109,115,120,126,131,138,145,148,156,162,168,176,
-49,-48,-48,0,0,0,0,0,0,-46,-46,-46,-46,-46,-46,-46,-46,-45,-45,-44,-42,-40,-40,-40,-39,-39,-39,-38,-38,-38,-38,-38,-36,-36,0,0,0,0,0,0,0,-28,-27,-24,-23,-23,-21,-21,-19,-17,-17,-15,-15,-13,-12,-10,-9,-6,-5,-2,-1,0,4,6,7,8,10,13,15,18,20,25,26,31,35,38,42,45,48,53,56,62,65,68,75,78,84,87,93,98,102,107,113,120,123,130,137,143,149,155,161,167,174,181,
-53,-52,-51,-49,0,0,0,0,0,-46,-46,-46,-46,-46,-46,-46,-46,-45,-45,-45,-45,-44,-43,-41,-41,-39,-39,-38,-38,-38,-38,-37,-37,-37,0,0,0,0,0,0,-29,-29,-27,-25,-23,-23,-22,-21,-20,-18,-17,-16,-14,-13,-13,-11,-7,-6,-5,-2,-2,1,4,5,8,9,13,13,16,20,22,26,29,33,35,39,44,47,52,55,60,64,67,73,77,82,86,92,96,103,106,113,117,124,130,135,141,147,155,161,167,174,181,187,
-54,-54,-54,-53,-51,0,0,0,0,0,-46,-46,-46,-46,-46,-45,-45,-45,-45,-45,-45,-45,-45,-43,-43,-41,-41,-39,-38,-38,-37,-37,-37,0,0,0,0,0,0,0,-29,-28,-28,-27,-23,-23,-21,-21,-21,-19,-16,-16,-15,-14,-12,-8,-7,-6,-5,-1,0,2,5,5,8,12,13,15,17,22,23,29,31,34,38,41,46,49,54,58,62,67,71,74,81,84,91,95,102,105,113,115,123,128,134,142,147,153,159,165,174,180,188,195,
-54,-54,-54,-54,-54,0,0,0,0,0,-48,-48,-48,-46,-46,-45,-45,-45,-45,-45,-45,-45,-45,-45,-43,-42,-41,-40,-40,-40,-38,-37,0,0,0,0,0,0,0,-29,-29,-28,-28,-27,-25,-22,-21,-21,-21,-20,-16,-15,-15,-14,-9,-8,-8,-6,-2,-1,1,3,5,8,11,13,15,17,20,24,26,31,33,37,40,44,48,53,57,61,66,70,74,79,84,88,94,101,105,112,116,122,128,132,140,147,153,160,166,172,180,188,193,202,
-54,-54,-54,-54,-54,-54,0,0,0,0,0,-48,-47,-47,-47,-47,-47,-47,-47,-46,-45,-45,-45,-45,-45,-42,-41,-41,-40,-39,-39,-39,0,0,0,0,0,0,-31,-31,-29,-28,-28,-28,-26,-23,-21,-21,-21,-20,-18,-15,-14,-13,-10,-8,-7,-6,-1,-1,2,4,7,10,11,14,17,19,21,24,29,32,36,39,43,48,51,57,59,65,68,74,78,83,88,94,98,105,110,116,121,128,133,140,146,151,158,167,174,179,188,197,202,210,
-56,-56,-55,-54,-54,-53,-52,0,0,0,0,0,-48,-48,-48,-47,-47,-47,-47,-47,-47,-47,-46,-46,-46,-43,-41,-41,-40,-40,-39,0,0,0,0,0,0,-32,-32,-30,-30,-29,-29,-28,-24,-23,-23,-22,-21,-19,-17,-14,-13,-13,-10,-7,-5,-5,-1,1,2,6,9,9,13,15,18,21,23,27,30,35,39,41,47,51,54,59,63,67,75,75,84,87,94,98,105,109,115,121,128,133,140,147,152,159,166,174,181,186,195,204,211,218,
-56,-56,-56,-56,-54,-54,-53,-52,0,0,0,0,0,-48,-48,-48,-48,-47,-47,-47,-47,-47,-47,-47,-47,-44,-42,-41,-41,0,0,0,0,0,0,0,-34,-32,-31,-30,-30,-30,-29,-27,-24,-23,-23,-22,-22,-18,-15,-15,-14,-12,-9,-6,-5,-4,-1,3,3,8,10,11,15,17,20,24,26,29,34,38,40,45,48,54,57,63,67,72,77,82,86,93,99,103,109,114,121,127,133,141,147,153,160,167,175,182,189,196,203,212,220,229,
-57,-56,-55,-54,-54,-54,-53,-53,-53,0,0,0,0,0,-49,-49,-49,-49,-48,-47,-47,-47,-47,-47,-46,-44,-43,-42,0,0,0,0,0,0,0,-37,-33,-32,-32,-31,-30,-30,-29,-26,-25,-23,-23,-23,-21,-17,-15,-15,-14,-10,-7,-6,-6,-2,2,3,5,9,11,13,18,19,23,26,29,33,35,41,45,47,53,56,62,66,71,76,81,85,92,97,103,110,113,120,127,133,141,146,152,160,168,175,182,188,197,205,213,221,231,238,
-57,-56,-55,-55,-55,-53,-53,-53,-53,-52,-52,0,0,0,0,0,-49,-49,-49,-49,-49,-48,-48,-46,-45,-44,0,0,0,0,0,0,0,0,-38,-35,-34,-32,-32,-32,-31,-29,-28,-25,-25,-24,-23,-22,-17,-17,-15,-15,-12,-9,-7,-6,-3,1,2,3,8,10,12,16,18,21,25,27,33,34,39,43,48,52,56,61,65,72,74,82,86,93,96,103,109,114,120,127,133,139,147,153,160,169,176,183,190,198,206,214,224,232,241,249,
-58,-56,-56,-56,-56,-55,-55,-53,-53,-52,-52,-52,0,0,0,0,0,0,0,-49,-49,-49,-47,0,0,0,0,0,0,0,0,0,-40,-38,-37,-36,-34,-33,-32,-32,-31,-30,-28,-25,-25,-23,-23,-20,-17,-17,-16,-12,-9,-9,-8,-2,-1,1,3,7,9,11,15,18,19,25,26,33,34,37,42,46,52,55,61,65,70,75,80,84,91,98,102,108,113,121,128,134,139,147,155,160,168,176,185,192,200,208,216,225,233,242,252,261,
-58,-58,-57,-56,-55,-55,-55,-55,-55,-53,-53,-53,-53,-52,-51,0,0,0,0,0,0,0,0,0,0,0,0,0,0,0,-41,-40,-38,-37,-36,-35,-35,-34,-32,-31,-30,-29,-28,-27,-24,-22,-21,-20,-17,-16,-13,-12,-9,-7,-4,-1,-1,2,7,7,11,16,16,20,24,27,31,35,37,42,45,51,55,60,65,70,76,79,87,90,97,103,108,115,120,127,134,141,149,156,164,171,176,185,193,202,211,218,226,235,244,253,263,274,
-58,-58,-58,-58,-56,-56,-55,-55,-55,-54,-54,-53,-53,-52,-52,-52,-52,-52,0,0,0,0,0,0,0,0,0,-43,-43,-42,-42,-40,-38,-37,-36,-35,-35,-34,-33,-31,-29,-28,-27,-26,-23,-21,-20,-19,-15,-13,-13,-11,-7,-5,-4,-1,3,4,7,10,15,16,18,24,27,29,34,38,42,45,50,54,60,63,69,75,79,86,90,97,104,109,115,121,129,135,141,149,158,163,171,178,186,194,203,212,221,230,239,248,257,267,276,287,
-59,-58,-58,-57,-57,-56,-56,-56,-56,-54,-54,-54,-54,-53,-52,-51,-50,-50,-50,-48,-48,-48,-47,-46,-45,-45,-43,-43,-43,-41,-40,-40,-39,-37,-35,-35,-35,-33,-33,-31,-28,-27,-26,-25,-23,-21,-19,-16,-15,-13,-12,-8,-6,-4,-3,2,4,6,10,12,18,19,24,26,29,34,38,42,46,50,55,59,64,72,74,81,86,90,98,104,108,117,122,128,136,144,149,157,165,173,180,187,196,204,213,222,231,241,250,260,270,279,289,300,
-61,-59,-58,-58,-58,-58,-56,-56,-56,-55,-54,-54,-53,-53,-51,-50,-50,-50,-49,-48,-48,-48,-47,-47,-47,-44,-43,-42,-42,-40,-40,-39,-39,-39,-35,-35,-34,-33,-31,-31,-27,-26,-25,-24,-23,-19,-16,-16,-15,-11,-8,-8,-4,-1,0,4,7,9,12,16,20,21,26,29,34,37,43,45,51,53,60,64,69,73,81,86,91,99,104,109,116,125,130,135,144,152,160,167,173,182,191,200,207,216,225,234,244,255,264,273,284,295,304,315,
-61,-59,-58,-58,-58,-57,-57,-56,-55,-55,-55,-53,-53,-53,-51,-51,-49,-49,-49,-49,-48,-47,-47,-47,-47,-45,-44,-41,-41,-40,-40,-39,-39,-38,-37,-34,-32,-31,-31,-30,-27,-26,-24,-23,-21,-18,-16,-16,-12,-9,-7,-6,-1,0,2,8,8,10,16,19,23,25,29,33,37,41,46,51,54,60,65,69,76,80,87,93,97,105,111,117,126,131,138,144,152,160,169,177,185,191,199,208,218,227,236,246,257,269,279,288,299,309,318,333,
-60,-58,-58,-58,-57,-57,-57,-56,-54,-54,-54,-54,-54,-53,-52,-51,-50,-49,-49,-49,-47,-47,-47,-46,-45,-45,-44,-42,-42,-39,-39,-39,-39,-37,-36,-34,-31,-31,-30,-29,-27,-24,-23,-21,-19,-17,-15,-12,-10,-7,-5,-3,0,2,7,8,11,15,18,22,25,29,34,37,42,46,50,55,59,65,68,74,82,87,92,99,105,112,119,124,132,138,147,156,163,170,177,186,195,203,212,221,231,242,251,261,270,281,291,303,315,324,336,348,
-60,-59,-59,-59,-58,-56,-56,-55,-54,-54,-54,-54,-53,-52,-52,-52,-52,-52,-50,-48,-47,-46,-46,-46,-44,-44,-44,-44,-41,-40,-39,-39,-36,-36,-36,-32,-31,-30,-29,-28,-24,-23,-21,-20,-17,-15,-13,-12,-7,-4,-4,-1,4,5,8,12,14,19,22,25,28,32,37,40,45,50,55,60,63,72,75,81,87,92,100,107,111,119,126,134,141,148,156,164,173,180,190,198,206,215,224,234,243,253,265,274,284,297,308,318,329,343,353,367,
-61,-60,-59,-58,-58,-58,-55,-55,-55,-54,-53,-53,-52,-52,-52,-52,-52,-52,-50,-49,-47,-46,-45,-44,-44,-44,-44,-43,-41,-39,-38,-36,-36,-36,-35,-31,-31,-29,-28,-27,-23,-22,-19,-19,-15,-14,-12,-8,-5,-5,-1,3,5,9,11,13,20,22,26,29,34,38,42,46,51,54,62,64,71,76,81,89,94,99,108,113,120,127,135,143,149,158,165,174,181,190,199,209,219,229,238,247,257,268,278,288,300,313,322,336,346,360,372,386,
-60,-59,-59,-59,-59,-58,-58,-56,-54,-53,-53,-53,-52,-52,-52,-51,-50,-50,-50,-49,-47,-46,-45,-45,-44,-44,-42,-42,-39,-39,-37,-37,-36,-34,-31,-31,-29,-29,-26,-23,-21,-20,-19,-15,-14,-12,-9,-6,-5,-2,3,4,9,11,13,20,21,26,28,33,37,42,45,51,55,62,65,70,77,82,88,95,101,108,115,120,128,136,145,152,159,166,175,184,192,201,212,221,230,240,250,261,271,283,293,304,317,329,341,352,366,377,392,405,
-60,-59,-59,-59,-58,-58,-57,-57,-56,-55,-54,-52,-51,-51,-51,-50,-50,-50,-49,-47,-47,-46,-44,-44,-43,-42,-42,-40,-39,-38,-37,-35,-34,-33,-31,-30,-28,-27,-25,-22,-20,-19,-18,-14,-11,-9,-6,-3,-1,1,6,8,10,16,17,22,25,29,33,38,42,46,50,56,63,67,72,76,82,90,96,102,109,116,123,130,137,145,154,161,169,178,186,196,205,213,224,235,245,255,265,275,287,298,310,322,333,346,358,373,384,400,411,426,
-59,-59,-59,-58,-57,-57,-57,-57,-56,-54,-53,-52,-52,-51,-50,-50,-49,-48,-48,-46,-45,-45,-45,-43,-43,-42,-42,-40,-37,-36,-34,-34,-34,-33,-29,-28,-25,-25,-24,-20,-18,-17,-14,-11,-9,-7,-5,-1,1,6,8,11,16,18,24,25,30,33,37,42,47,51,58,61,68,73,77,84,91,95,103,110,118,125,130,138,147,155,164,172,181,190,199,208,217,228,237,248,257,269,280,291,303,315,326,341,351,366,379,391,406,419,434,447,
-59,-58,-57,-57,-56,-56,-56,-56,-55,-53,-53,-51,-51,-49,-49,-49,-49,-48,-47,-45,-45,-44,-43,-42,-42,-41,-39,-37,-35,-35,-34,-34,-32,-29,-26,-26,-25,-22,-21,-18,-17,-14,-11,-9,-6,-3,-1,2,6,10,10,14,18,23,26,31,34,40,43,49,51,58,62,69,75,78,86,91,97,105,113,119,125,132,141,149,157,166,175,184,193,202,211,220,230,241,250,260,274,286,295,306,321,331,345,357,372,384,399,413,426,442,457,471,
-58,-58,-56,-56,-55,-55,-55,-55,-53,-52,-50,-50,-50,-50,-49,-49,-49,-47,-47,-44,-43,-42,-42,-41,-40,-38,-37,-36,-36,-35,-32,-30,-29,-27,-27,-25,-21,-19,-19,-18,-13,-10,-9,-6,-3,-1,3,6,8,13,16,18,24,27,32,34,40,44,50,52,58,65,69,75,82,86,93,100,105,113,120,127,135,142,151,160,168,177,186,195,204,214,223,234,245,256,266,276,290,301,314,325,338,351,363,378,391,405,422,435,450,466,482,498,
-57,-57,-57,-56,-56,-55,-55,-53,-51,-50,-50,-50,-50,-50,-49,-48,-46,-44,-44,-43,-41,-41,-41,-41,-37,-37,-37,-34,-34,-33,-29,-28,-27,-25,-25,-20,-20,-18,-17,-12,-10,-9,-5,-2,-1,2,7,9,13,16,18,24,26,32,34,39,44,49,54,60,64,70,76,82,88,94,100,107,115,122,130,137,146,153,162,170,180,189,198,207,217,227,237,249,260,271,281,294,306,319,330,345,356,372,384,399,413,427,443,459,473,489,507,525,
-57,-57,-57,-57,-56,-55,-53,-51,-50,-49,-49,-49,-49,-49,-47,-44,-44,-43,-43,-42,-42,-42,-39,-37,-36,-35,-34,-34,-33,-30,-26,-26,-25,-24,-22,-19,-17,-15,-12,-11,-7,-5,-3,0,5,6,10,13,16,22,24,28,33,36,41,45,50,55,60,67,71,77,84,89,95,103,110,116,124,131,138,146,155,164,173,181,191,200,211,220,230,241,253,264,274,286,300,310,324,336,351,362,378,391,405,422,436,451,468,482,500,518,536,553,
-58,-56,-55,-55,-53,-52,-51,-51,-51,-49,-49,-48,-46,-45,-44,-43,-43,-42,-41,-41,-40,-38,-37,-36,-35,-34,-33,-30,-28,-28,-26,-24,-22,-20,-20,-17,-13,-12,-10,-7,-4,-2,2,5,7,11,13,18,22,24,29,33,36,41,47,52,57,60,67,73,78,85,91,97,105,110,117,125,133,142,151,160,169,178,187,196,205,214,225,235,245,257,269,279,293,305,316,330,341,357,370,384,399,413,430,444,460,476,492,510,525,543,561,579,
-55,-55,-54,-53,-53,-51,-51,-51,-49,-48,-46,-44,-44,-43,-43,-42,-42,-41,-39,-38,-38,-37,-37,-35,-31,-29,-29,-28,-28,-27,-22,-21,-20,-19,-15,-13,-11,-10,-6,-4,-1,2,6,9,12,15,17,22,26,31,35,40,43,49,53,58,63,68,75,81,86,93,98,105,113,122,128,135,143,151,159,168,179,188,197,208,218,228,240,251,260,273,285,297,310,323,336,350,363,377,391,405,422,437,453,469,486,502,519,537,555,573,591,609,
-54,-54,-52,-51,-50,-48,-48,-47,-46,-45,-45,-45,-44,-43,-42,-40,-39,-37,-37,-36,-36,-35,-33,-31,-29,-28,-26,-25,-25,-22,-21,-19,-16,-15,-12,-10,-7,-6,-2,0,3,7,8,13,16,19,24,26,33,35,41,44,51,53,61,63,70,78,80,88,97,103,105,114,123,132,139,146,154,163,172,181,190,200,210,222,233,244,255,264,279,291,301,317,328,342,355,371,383,400,412,429,446,462,478,494,511,530,547,565,585,605,624,644,
