-9,-8,-8,-8,-8,-8,-8,-6,-6,-6,-6,0,0,0,0,0,0,0,-6,-6,-6,-6,-6,-6,-6,-6,-6,-5,-4,-4,-4,-4,-4,-4,-3,-3,-3,-2,-1,-1,-1,0,2,2,3,6,6,6,7,7,7,9,9,9,10,10,12,12,14,14,16,16,17,18,20,21,22,24,25,26,30,32,33,34,35,39,41,41,43,47,49,52,52,55,57,59,62,65,67,69,73,
-11,-11,-11,-11,-11,-10,-9,0,0,0,0,0,0,0,0,0,0,0,0,0,0,-6,-6,-6,-6,-6,-6,-6,-6,-4,-4,-4,-4,-4,-4,-3,-3,-3,-3,-1,-1,-1,0,2,2,3,6,6,6,7,7,7,9,9,10,10,11,12,12,14,14,16,16,17,20,21,22,22,25,26,28,32,33,33,35,38,40,41,43,46,48,50,52,54,57,59,62,65,67,69,73,
-11,-11,-11,-11,0,0,0,0,0,0,0,0,0,0,0,-7,-7,0,0,0,0,0,0,-6,-6,-6,-6,-6,-6,-6,-4,-4,-4,-4,-4,-3,-3,-3,-3,-3,-1,-1,-1,1,2,2,3,6,6,7,7,7,9,9,9,10,10,12,12,14,14,16,16,17,18,20,21,22,24,25,27,32,32,33,35,35,39,41,43,45,47,49,52,54,57,59,62,65,66,68,72,
-12,-11,-11,-11,0,0,0,0,0,0,0,0,-11,-11,-11,-10,-9,-9,-9,-7,0,0,0,0,-6,-6,-6,-6,-6,-6,-6,-5,-4,-4,-4,-4,-3,-3,-3,-3,-3,-1,-1,0,1,2,3,4,6,6,7,7,7,9,9,10,10,11,12,13,14,15,16,17,18,20,21,22,22,25,27,30,32,33,34,35,39,41,42,45,47,49,52,54,56,58,61,64,66,68,72,
-12,-12,-12,-12,0,0,0,0,0,0,0,-11,-11,-11,-11,-11,-11,-11,-9,-9,-9,0,0,0,0,0,-6,-6,-6,-6,-6,-6,-6,-4,-4,-4,-4,-3,-3,-3,-3,-2,-1,-1,0,1,2,3,5,6,6,7,7,8,9,9,10,10,12,12,14,14,16,16,17,18,21,22,22,25,27,30,32,33,33,35,39,40,43,44,47,49,52,53,56,59,61,64,66,68,72,
-13,-13,-13,-13,-13,0,0,0,0,0,-12,-12,-12,-12,-11,-11,-11,-11,-11,-11,-10,-9,0,0,0,0,0,-7,-7,-6,-6,-6,-6,-6,-4,-4,-4,-4,-3,-3,-3,-3,-2,-1,0,1,1,2,4,6,6,7,7,7,9,9,10,10,11,12,13,14,15,16,17,18,21,21,22,24,26,30,32,32,33,35,37,39,43,44,47,48,51,53,56,59,60,64,65,68,72,
-13,-13,-13,-13,-13,0,0,0,0,0,-12,-12,-12,-12,-12,-12,-12,-12,-11,-11,-11,-11,-10,0,0,0,0,-9,-9,-7,-7,-6,-6,-6,-6,-5,-4,-4,-4,-3,-3,-3,-3,-2,-1,0,1,1,2,4,6,6,7,7,8,9,9,10,10,12,12,14,14,16,16,17,20,21,22,22,26,28,31,32,33,34,37,39,43,44,46,48,51,53,56,58,60,64,64,67,71,
-13,-13,-13,-13,-13,0,0,0,0,0,-13,-13,-13,-12,-12,-12,-12,-12,-12,-12,-12,-12,-11,0,0,0,0,0,-9,-9,-9,-7,-7,-6,-6,-6,-5,-4,-4,-4,-3,-3,-3,-3,-1,0,0,1,1,3,5,6,7,7,7,9,9,10,10,11,12,14,14,16,16,17,18,21,22,23,26,27,30,32,33,34,36,40,43,43,46,47,50,53,56,57,59,63,64,68,71,
-13,-13,-13,-13,-13,0,0,0,0,0,-13,-13,-13,-13,-13,-13,-12,-12,-12,-12,-12,-12,-12,-12,0,0,0,0,0,-9,-9,-9,-9,-7,-7,-6,-6,-5,-4,-4,-4,-3,-3,-3,-1,-1,0,1,1,1,4,5,6,7,7,8,9,9,10,10,12,12,14,14,16,17,18,21,21,23,26,27,30,32,32,33,37,40,42,43,45,47,50,53,55,57,59,63,64,69,71,
-14,-14,-14,-14,-14,0,0,0,0,0,-13,-13,-13,-13,-13,-13,-13,-13,-12,-12,-12,-12,-12,-12,0,0,0,0,0,-9,-9,-9,-9,-9,-9,-7,-7,-6,-5,-4,-4,-4,-3,-3,-2,-1,-1,0,1,1,2,4,5,6,7,7,9,9,10,10,12,12,14,14,16,16,17,20,22,23,24,27,30,31,32,33,37,39,42,43,45,46,50,53,55,57,60,63,65,70,71,
-16,-16,-16,-16,-15,0,0,0,0,0,-14,-14,-14,-13,-13,-13,-13,-13,-13,-13,-13,-12,-12,-12,-12,0,0,0,0,0,-10,-9,-9,-9,-9,-9,-8,-7,-7,-5,-4,-4,-3,-3,-2,-2,-1,-1,0,1,1,2,5,6,7,7,8,9,9,10,10,12,13,14,15,16,17,18,22,22,23,27,28,30,32,34,36,39,41,43,44,46,50,54,55,57,60,64,65,70,71,
-18,-18,-18,-18,-17,0,0,0,0,0,-16,-15,-14,-14,-14,-14,-14,-13,-13,-13,-13,-13,-13,-12,-12,0,0,0,0,0,-10,-10,-9,-9,-9,-9,-9,-9,-8,-6,-5,-4,-4,-3,-2,-2,-1,-1,-1,1,1,2,4,5,6,7,7,9,9,10,10,12,12,14,14,16,16,19,22,22,23,27,28,30,32,33,36,39,41,42,44,47,50,54,55,57,60,63,65,69,70,
-18,-18,-18,-18,-18,0,0,0,0,0,-17,-17,-17,-17,-15,-15,-15,-15,-14,-14,-13,-13,-13,-13,-12,0,0,0,0,0,-12,-10,-10,-10,-9,-9,-9,-9,-9,-8,-6,-6,-4,-4,-2,-2,-2,-1,-1,-1,1,2,2,5,5,7,7,8,9,9,10,10,12,14,14,16,16,18,21,22,24,26,28,30,32,33,35,39,40,42,45,47,51,54,54,56,60,64,65,69,71,
-18,-18,-18,-18,-18,0,0,0,0,0,-17,-17,-17,-17,-17,-17,-17,-16,-16,-15,-15,-15,-14,-13,-13,0,0,0,0,0,-12,-12,-10,-10,-10,-9,-9,-9,-9,-9,-9,-6,-6,-4,-3,-2,-2,-2,-1,-1,0,2,2,3,5,6,7,7,9,9,10,10,12,13,14,14,17,18,20,22,23,25,28,30,32,33,36,38,40,43,45,47,50,53,54,56,60,64,65,70,71,
-20,-20,-20,-19,-19,0,0,0,0,0,-18,-18,-17,-17,-17,-17,-17,-17,-17,-16,-16,-16,-16,-15,-15,0,0,0,0,0,0,-12,-12,-10,-10,-10,-9,-9,-9,-9,-9,-9,-7,-6,-3,-2,-2,-2,-2,-1,-1,2,2,2,4,5,7,7,8,9,10,10,12,13,14,14,17,17,20,23,23,25,28,30,32,33,35,38,40,43,45,47,50,52,55,56,61,63,65,70,72,
-21,-20,-20,-20,-20,0,0,0,0,0,-19,-18,-18,-18,-17,-17,-17,-17,-17,-17,-17,-17,-16,-16,-16,0,0,0,0,0,0,-12,-12,-12,-11,-10,-10,-10,-9,-9,-9,-9,-9,-7,-5,-3,-2,-2,-2,-1,-1,0,2,2,3,5,6,7,7,9,9,10,10,12,13,15,17,17,20,22,23,25,27,30,31,33,35,38,41,43,45,46,50,53,55,58,62,63,67,70,73,
-21,-21,-21,-21,-21,0,0,0,0,0,-20,-20,-20,-19,-19,-18,-18,-17,-17,-17,-17,-17,-17,-17,-16,0,0,0,0,0,0,-12,-12,-12,-11,-11,-10,-10,-10,-9,-9,-9,-9,-9,-5,-5,-3,-2,-2,-2,-1,0,2,2,2,3,6,7,7,8,9,10,10,12,14,15,16,17,19,22,23,25,27,29,32,33,35,39,41,42,45,46,51,53,56,58,61,63,66,70,72,
-21,-21,-21,-21,-21,0,0,0,0,0,-21,-21,-21,-21,-20,-20,-19,-18,-18,-18,-18,-17,-17,-17,-17,0,0,0,0,0,0,-15,-12,-12,-12,-11,-11,-10,-10,-10,-9,-9,-9,-8,-7,-5,-4,-3,-2,-2,0,0,0,2,2,3,6,6,7,7,9,9,10,11,14,15,15,17,18,21,23,25,27,29,31,33,37,39,40,43,45,48,52,53,55,59,62,63,67,71,74,
-22,-22,-22,-21,-21,0,0,0,0,0,-21,-21,-21,-21,-21,-21,-21,-21,-19,-18,-18,-18,-18,-17,0,0,0,0,0,0,0,-16,-15,-14,-12,-11,-11,-11,-10,-10,-10,-9,-9,-8,-8,-6,-5,-4,-2,-2,-1,0,0,1,2,2,4,6,7,7,9,9,10,11,14,14,15,17,18,21,23,25,26,29,31,33,37,38,41,43,46,48,51,53,55,60,62,64,68,72,74,
-23,-23,-23,-23,-23,0,0,0,0,0,-22,-22,-21,-21,-21,-21,-21,-21,-21,-20,-20,-18,-18,-18,0,0,0,0,0,0,-16,-16,-16,-16,-14,-14,-11,-11,-11,-10,-10,-10,-9,-8,-8,-8,-5,-5,-4,-2,-1,-1,0,0,2,2,4,6,6,7,7,9,9,11,13,14,16,17,18,22,24,25,27,29,31,35,36,39,41,43,47,47,52,53,57,60,63,65,70,72,75,
-24,-24,-24,-24,-24,0,0,0,0,0,-23,-23,-22,-22,-22,-22,-22,-21,-21,-20,-20,-20,-20,-19,0,0,0,0,0,0,-16,-16,-16,-16,-16,-14,-13,-12,-11,-11,-10,-10,-9,-8,-8,-8,-7,-5,-4,-4,-1,-1,0,0,1,2,3,5,6,7,7,9,10,11,12,14,15,17,19,21,24,25,26,29,32,34,36,38,41,45,46,48,52,55,57,61,63,67,70,73,77,
-24,-24,-24,-24,-24,0,0,0,0,0,-24,-24,-23,-23,-23,-22,-22,-22,-22,-22,-21,-21,-20,0,0,0,0,0,0,0,-17,-17,-16,-16,-16,-16,-13,-13,-13,-11,-11,-10,-9,-9,-8,-8,-7,-6,-5,-4,-1,-1,-1,0,0,2,3,4,6,6,7,9,10,11,11,15,15,16,18,22,24,25,26,30,33,34,37,38,42,44,47,49,53,55,59,61,65,68,70,74,78,
-25,-25,-25,-25,-25,0,0,0,0,0,-24,-24,-24,-24,-24,-24,-24,-23,-22,-22,-21,-21,0,0,0,0,0,0,0,-18,-17,-17,-17,-16,-16,-16,-15,-15,-13,-13,-11,-11,-9,-9,-8,-8,-7,-7,-6,-4,-3,-1,-1,0,0,1,3,3,6,6,8,8,10,10,11,14,15,17,18,22,25,25,27,31,32,35,37,40,42,45,47,50,54,56,60,62,64,69,71,75,78,
-26,-26,-26,-26,-26,0,0,0,0,0,-25,-25,-25,-24,-24,-24,-24,-24,-24,-24,-23,-21,0,0,0,0,0,0,0,-19,-18,-17,-17,-17,-16,-16,-15,-15,-15,-13,-13,-10,-9,-9,-9,-8,-7,-7,-7,-4,-3,-1,-1,-1,0,0,3,3,5,6,8,8,10,10,12,14,16,16,19,23,23,26,28,31,33,35,38,40,43,45,49,52,55,56,60,62,66,70,72,77,79,
-27,-27,-27,-26,-26,0,0,0,0,0,0,-25,-25,-25,-25,-25,-25,-24,-24,-24,0,0,0,0,0,0,0,0,-21,-21,-19,-18,-17,-17,-17,-16,-15,-15,-15,-15,-13,-11,-10,-9,-9,-9,-8,-7,-7,-5,-4,-2,-1,-1,0,1,2,3,4,7,7,8,9,11,12,15,16,16,20,23,24,26,29,32,33,36,39,41,44,46,50,53,55,57,61,64,68,71,74,78,81,
-28,-28,-27,-27,-27,0,0,0,0,0,0,0,0,-26,-26,-25,-25,-25,0,0,0,0,0,0,0,0,0,-21,-21,-21,-21,-20,-19,-17,-17,-17,-15,-15,-15,-15,-13,-12,-11,-10,-9,-9,-9,-7,-6,-6,-4,-2,-2,-1,-1,1,2,3,5,7,7,8,9,11,12,15,15,17,21,23,24,26,30,32,34,36,40,41,45,47,51,53,56,59,62,66,69,72,76,79,84,
-28,-28,-28,-28,-28,0,0,0,0,0,-26,0,0,0,0,0,0,0,0,0,0,0,0,0,0,0,0,-21,-21,-21,-21,-21,-21,-20,-17,-17,-16,-15,-15,-15,-14,-13,-11,-11,-10,-9,-9,-7,-6,-6,-6,-3,-2,-1,-1,1,2,3,5,5,7,7,9,12,12,14,15,18,22,23,24,27,30,33,34,37,40,42,45,49,52,53,58,62,64,68,70,75,78,81,85,
-30,-29,-29,-29,-29,0,0,0,0,0,-27,-27,0,0,0,0,0,0,0,0,0,0,0,0,0,0,-23,-23,-22,-21,-21,-21,-21,-21,-19,-18,-16,-16,-15,-14,-14,-14,-13,-11,-10,-9,-8,-7,-6,-6,-6,-3,-2,-2,-1,0,3,4,5,5,7,8,10,11,12,14,17,20,20,23,25,29,31,33,35,39,41,43,48,50,52,56,60,62,66,70,72,77,80,83,87,
-31,-31,-31,-30,-30,0,0,0,0,0,-29,-29,-27,-27,0,0,0,0,0,0,0,0,0,0,-24,-24,-24,-24,-23,-23,-21,-21,-21,-21,-21,-18,-17,-16,-15,-14,-14,-14,-14,-11,-11,-10,-8,-7,-7,-6,-6,-4,-3,-2,0,1,3,4,5,5,8,9,10,11,12,15,18,20,21,23,27,30,31,33,38,39,41,46,49,50,55,58,60,65,68,71,75,78,82,86,90,
-31,-31,-31,-31,-31,0,0,0,0,0,-30,-30,-30,-29,-28,-27,0,0,0,0,0,0,-25,-25,-25,-24,-24,-24,-24,-23,-23,-21,-21,-21,-21,-20,-17,-17,-15,-15,-14,-14,-14,-13,-11,-10,-8,-7,-7,-6,-6,-4,-3,-2,0,1,2,4,4,5,8,9,9,11,14,16,19,19,21,26,27,30,31,37,38,40,44,48,48,53,56,59,63,67,68,74,77,80,85,87,92,
-33,-32,-31,-31,-31,0,0,0,0,0,-30,-30,-30,-30,-29,-29,-29,-29,-28,-26,-26,-26,-26,-25,-25,-25,-25,-24,-24,-24,-24,-23,-22,-21,-21,-19,-19,-16,-16,-15,-15,-14,-14,-13,-12,-10,-8,-7,-7,-6,-6,-4,-4,-1,0,1,2,4,4,7,8,9,9,11,15,16,19,20,24,27,28,31,34,37,38,42,46,48,51,55,56,63,64,67,73,75,79,83,86,92,94,
-33,-33,-33,-33,-33,0,0,0,0,0,-31,-31,-30,-30,-29,-29,-29,-29,-28,-28,-27,-26,-26,-26,-25,-25,-25,-25,-24,-24,-24,-24,-23,-22,-21,-19,-18,-17,-16,-15,-15,-15,-14,-13,-13,-9,-8,-8,-7,-7,-6,-4,-4,-1,0,1,3,3,6,6,8,9,9,14,15,17,18,22,25,26,29,33,35,37,40,45,46,49,53,55,59,63,67,71,74,78,82,86,90,92,99,
-33,-33,-33,-33,-33,0,0,0,0,0,-32,-32,-32,-31,-30,-29,-29,-28,-28,-28,-28,-28,-28,-26,-26,-26,-25,-25,-25,-25,-24,-24,-24,-22,-22,-18,-18,-18,-17,-16,-15,-15,-15,-13,-12,-10,-8,-8,-8,-7,-5,-4,-3,-2,0,0,3,5,6,6,8,8,11,15,15,17,20,23,26,27,32,34,35,39,42,45,48,52,54,58,62,65,70,71,77,81,84,89,92,97,100,
-34,-33,-33,-33,-33,0,0,0,0,0,-33,-33,-33,-32,-32,-31,-28,-28,-28,-28,-28,-28,-28,-28,-27,-26,-26,-25,-25,-25,-25,-24,-24,-24,-20,-19,-18,-18,-17,-17,-15,-15,-15,-13,-12,-10,-9,-8,-8,-7,-4,-3,-2,-2,0,0,5,5,6,6,8,10,12,14,16,20,22,23,28,29,32,34,38,40,44,47,50,54,56,60,64,69,71,77,78,83,87,91,96,100,105,
-36,-36,-35,-35,-34,0,0,0,0,0,-33,-33,-33,-33,-33,-31,-30,-29,-29,-28,-28,-28,-28,-28,-28,-28,-27,-26,-25,-25,-25,-25,-25,-23,-21,-19,-19,-18,-18,-17,-17,-15,-15,-13,-12,-10,-9,-8,-8,-7,-4,-3,-2,-2,-1,4,4,5,5,7,10,11,12,15,18,20,22,27,27,30,35,37,39,43,46,48,53,55,59,63,67,71,75,79,82,87,90,95,99,104,108,
-36,-36,-36,-36,-36,0,0,0,0,0,-34,-34,-33,-32,-32,-31,-31,-31,-29,-29,-29,-29,-28,-28,-28,-28,-28,-27,-27,-25,-25,-25,-24,-23,-21,-19,-19,-19,-18,-17,-17,-16,-14,-13,-12,-10,-9,-9,-7,-7,-4,-2,-2,-2,1,4,4,5,6,8,9,11,14,17,19,21,25,27,29,34,35,38,42,45,47,53,54,60,61,66,70,73,78,82,86,89,95,98,104,108,113,
-36,-36,-36,-36,-36,0,0,0,0,0,-35,-34,-34,-34,-33,-31,-31,-31,-31,-29,-29,-29,-29,-29,-28,-28,-28,-28,-27,-27,-25,-24,-23,-23,-23,-20,-19,-19,-19,-17,-17,-15,-14,-13,-12,-11,-9,-8,-7,-6,-4,-2,-2,1,2,4,4,6,7,9,10,12,16,17,20,23,25,27,31,34,37,41,43,47,51,53,58,60,65,69,72,77,79,85,89,94,98,102,109,112,117,
-36,-36,-36,-36,-36,0,0,0,0,0,-35,-35,-35,-34,-33,-33,-33,-31,-31,-30,-30,-29,-29,-29,-29,-29,-28,-28,-28,-27,-25,-25,-23,-23,-23,-21,-19,-19,-19,-18,-17,-15,-15,-12,-12,-11,-8,-8,-8,-6,-3,-1,0,1,3,3,5,6,7,9,12,15,16,19,22,24,28,30,33,36,40,41,47,49,54,57,59,64,67,72,76,80,84,90,93,99,101,108,111,116,123,
-37,-37,-37,-37,-37,0,0,0,0,0,-35,-35,-35,-34,-34,-34,-33,-33,-33,-32,-30,-30,-29,-29,-29,-29,-29,-28,-27,-26,-26,-24,-24,-23,-22,-21,-20,-19,-19,-18,-17,-15,-15,-13,-12,-10,-9,-8,-8,-4,-2,-1,0,2,3,4,6,6,10,11,12,15,18,21,23,27,30,32,35,39,40,46,48,53,55,59,63,66,71,75,79,83,88,91,98,102,107,113,115,122,128,
-37,-37,-37,-37,-36,0,0,0,0,0,-36,-36,-35,-34,-34,-34,-34,-33,-33,-33,-31,-31,-29,-29,-29,-29,-29,-28,-28,-27,-25,-24,-24,-24,-22,-21,-20,-20,-19,-17,-17,-15,-14,-13,-11,-10,-9,-8,-6,-4,-1,-1,1,3,4,5,6,8,11,11,15,17,19,23,25,28,31,35,37,41,43,47,52,54,59,62,65,70,74,78,84,87,92,97,102,107,112,116,121,128,133,
-38,-36,-36,-36,-36,0,0,0,0,0,-36,-36,-35,-35,-35,-34,-34,-34,-34,-33,-32,-31,-31,-30,-29,-28,-28,-28,-28,-27,-25,-25,-24,-24,-23,-21,-20,-20,-19,-17,-17,-16,-12,-12,-12,-9,-9,-9,-5,-3,-1,-1,3,5,5,5,8,10,11,12,18,18,21,26,27,31,35,35,40,43,48,50,54,59,61,66,70,73,77,83,88,92,96,101,107,110,116,123,128,132,139,
-38,-38,-38,-37,-37,0,0,0,0,0,-35,-35,-35,-35,-35,-35,-35,-35,-34,-33,-32,-32,-31,-30,-29,-29,-28,-28,-27,-27,-27,-25,-24,-23,-23,-22,-21,-19,-19,-17,-17,-14,-13,-12,-12,-9,-8,-6,-4,-2,-1,0,3,5,5,6,8,10,12,17,18,20,25,26,28,34,36,40,42,46,50,53,58,61,66,70,74,78,83,88,92,97,102,107,112,117,122,129,133,138,146,
-38,-38,-38,-38,0,0,0,0,0,0,-35,-35,-35,-35,-35,-35,-35,-35,-35,-34,-33,-32,-31,-30,-29,-29,-29,-27,-27,-27,-27,-26,-23,-23,-22,-22,-20,-19,-19,-18,-15,-13,-13,-12,-11,-9,-7,-5,-3,-1,-1,3,3,6,6,8,9,11,15,17,19,23,26,29,32,35,39,42,46,49,53,57,61,65,69,73,78,83,87,92,96,102,108,111,117,123,128,135,141,145,152,
-39,0,0,0,0,0,0,0,0,0,-37,-36,-36,-35,-35,-35,-35,-35,-34,-34,-33,-32,-31,-31,-29,-28,-28,-28,-27,-27,-27,-26,-24,-23,-22,-21,-21,-19,-18,-16,-15,-13,-13,-12,-10,-8,-5,-5,-1,-1,1,3,5,6,8,9,10,14,18,18,23,25,28,33,34,38,42,44,49,52,57,60,66,69,73,78,83,87,92,97,102,108,111,118,124,129,135,140,147,154,160,
0,0,0,0,0,0,0,0,0,0,-37,-37,-37,-36,-36,-35,-35,-34,-33,-33,-33,-33,-32,-32,-28,-28,-28,-28,-28,-27,-27,-25,-24,-23,-21,-21,-20,-18,-18,-16,-15,-13,-12,-12,-8,-6,-5,-3,-1,0,3,4,6,8,9,11,14,16,19,21,25,28,31,35,39,41,43,49,52,57,59,65,68,74,79,83,88,91,98,103,108,114,118,124,129,136,142,148,154,161,167,
-40,-40,0,0,0,0,0,0,0,0,-37,-37,-37,-37,-35,-35,-35,-33,-33,-33,-33,-33,-32,-30,-30,-28,-28,-28,-28,-28,-26,-25,-23,-22,-21,-20,-19,-19,-16,-16,-14,-12,-12,-9,-7,-5,-4,-2,0,2,3,6,8,9,10,13,15,18,22,24,26,31,34,38,42,45,49,51,57,60,66,68,74,79,82,88,91,98,104,107,115,120,126,130,137,143,150,156,162,170,177,
-40,-39,-39,-38,-38,-38,0,0,0,0,0,-36,-36,-36,-36,-35,-34,-34,-34,-33,-33,-32,-31,-30,-30,-29,-28,-28,-28,-27,-27,-24,-23,-21,-21,-20,-19,-18,-16,-14,-13,-12,-10,-9,-5,-5,-3,0,2,3,5,8,9,10,13,14,18,21,24,27,30,34,38,41,44,49,52,57,61,65,70,74,79,82,89,94,98,105,110,114,121,128,131,138,144,151,160,165,171,179,185,
-40,-40,-39,-39,-38,-38,-38,-37,-37,0,-36,-36,-36,-36,-36,-35,-34,-34,-34,-33,-32,-32,-31,-30,-30,-29,-28,-28,-27,-26,-26,-24,-21,-21,-21,-20,-18,-17,-14,-14,-13,-10,-9,-5,-5,-4,-1,1,3,5,8,8,11,13,15,18,20,24,27,31,33,38,40,45,49,53,56,61,65,70,74,80,84,89,95,99,105,111,115,122,128,135,140,146,153,161,168,175,182,189,195,
-40,-39,-38,-37,-37,-37,-37,-37,-37,-37,-37,-37,-37,-35,-35,-35,-35,-33,-33,-33,-33,-32,-30,-30,-30,-29,-29,-27,-26,-26,-25,-21,-21,-21,-21,-19,-17,-16,-14,-12,-10,-9,-8,-5,-3,-3,0,2,6,7,9,10,12,15,16,20,23,27,31,32,38,40,45,48,53,56,62,64,71,76,80,85,90,95,101,106,112,118,124,130,136,143,149,154,161,169,176,184,192,199,207,
-40,-39,-39,-37,-37,-37,-37,-37,-37,-37,-37,-36,-36,-36,-35,-34,-34,-33,-33,-33,-33,-32,-30,-30,-30,-28,-27,-26,-25,-25,-25,-21,-21,-20,-19,-17,-17,-15,-13,-10,-10,-8,-5,-3,-3,0,3,5,6,10,10,12,16,17,20,23,27,30,33,39,40,45,47,53,57,63,67,70,76,80,85,91,96,101,107,113,119,126,131,137,143,151,158,165,171,178,187,194,201,209,218,
-41,-41,-39,-38,-37,-37,-37,-37,-37,-36,-36,-36,-35,-35,-35,-35,-34,-33,-33,-33,-32,-31,-31,-30,-28,-26,-26,-26,-25,-25,-23,-22,-19,-19,-19,-17,-14,-13,-11,-10,-10,-5,-4,-3,-1,3,4,7,9,11,13,16,17,20,23,27,30,35,38,42,45,50,54,59,61,66,72,76,81,87,91,96,103,108,113,120,127,134,140,145,152,159,166,173,182,189,197,204,213,221,229,
-41,-41,-39,-39,-38,-38,-38,-36,-36,-35,-35,-35,-35,-35,-35,-35,-35,-34,-33,-32,-32,-31,-29,-27,-27,-26,-26,-26,-25,-24,-21,-20,-19,-19,-19,-14,-13,-12,-10,-8,-5,-4,-4,-1,2,4,7,9,10,13,15,19,19,22,27,30,35,37,42,46,50,54,58,63,66,72,78,82,87,92,98,103,110,115,122,128,134,141,147,154,161,169,177,184,192,199,208,216,224,235,243,
-41,-39,-39,-39,-39,-36,-36,-36,-36,-35,-35,-35,-35,-35,-35,-35,-35,-35,-32,-32,-29,-28,-28,-28,-27,-26,-26,-26,-23,-21,-20,-20,-19,-17,-15,-12,-12,-11,-8,-6,-4,-2,-1,2,6,6,9,12,13,14,19,19,25,26,32,34,39,42,46,49,55,58,63,68,73,78,84,88,93,99,106,111,116,122,129,137,143,150,156,165,172,180,187,196,203,211,219,229,237,247,255,
-39,-38,-38,-37,-37,-36,-36,-36,-36,-36,-36,-35,-35,-35,-35,-35,-34,-31,-31,-28,-28,-28,-28,-28,-26,-25,-25,-24,-21,-20,-20,-18,-17,-16,-13,-12,-10,-9,-7,-5,-2,-2,3,5,6,7,12,12,17,19,20,25,26,32,34,38,41,46,51,56,60,64,68,74,78,83,89,95,99,106,113,119,125,131,138,144,152,159,167,173,182,190,199,207,216,223,232,242,251,260,270,
-37,-37,-37,-37,-37,-36,-36,-36,-36,-36,-36,-36,-34,-34,-33,-32,-31,-30,-29,-28,-28,-28,-27,-27,-25,-24,-23,-22,-21,-19,-18,-18,-15,-13,-11,-10,-9,-7,-4,-3,-2,2,5,5,10,11,13,17,18,22,25,27,31,35,38,43,46,51,56,59,65,68,74,80,85,90,96,102,107,114,120,126,133,139,147,154,161,169,176,185,192,201,211,219,227,236,246,255,265,275,285,
-38,-38,-37,-37,-37,-36,-36,-35,-35,-35,-34,-34,-34,-32,-31,-31,-30,-29,-29,-28,-27,-27,-27,-27,-24,-23,-21,-21,-19,-18,-18,-16,-11,-11,-11,-10,-6,-4,-3,1,2,5,6,10,11,14,16,19,23,26,27,32,34,39,43,48,50,56,62,65,71,75,80,87,92,98,102,109,114,122,128,136,143,151,158,165,173,181,189,196,205,214,222,231,240,252,260,269,281,290,301,
-37,-37,-37,-37,-36,-35,-34,-34,-34,-34,-33,-32,-32,-32,-31,-29,-28,-28,-28,-28,-27,-27,-25,-24,-23,-20,-20,-20,-18,-15,-15,-13,-11,-11,-8,-6,-5,-3,1,2,5,8,8,12,14,17,19,22,27,29,32,35,40,45,47,52,56,63,66,71,78,83,88,94,99,105,112,118,126,130,136,143,151,158,166,175,183,191,199,207,215,227,236,244,255,265,275,286,296,308,318,
-37,-37,-36,-36,-36,-35,-34,-33,-33,-32,-32,-31,-31,-30,-30,-29,-28,-28,-28,-27,-27,-24,-23,-21,-21,-20,-20,-17,-14,-14,-13,-10,-10,-8,-6,-4,-1,1,2,6,7,9,13,15,18,19,23,27,30,32,37,40,46,48,54,57,63,68,72,79,84,89,96,102,107,112,119,126,134,140,146,154,162,169,177,185,196,203,211,220,230,240,249,259,270,281,290,304,312,324,335,
-36,-36,-36,-35,-33,-33,-32,-31,-31,-31,-30,-30,-30,-30,-30,-28,-27,-26,-26,-25,-24,-23,-21,-21,-20,-18,-15,-15,-14,-12,-11,-8,-8,-6,-3,-2,2,2,6,8,10,13,16,17,20,24,27,31,33,38,40,46,50,55,60,64,69,73,79,85,90,96,103,109,115,122,127,135,142,149,158,165,172,180,188,197,207,216,225,235,243,253,266,274,285,296,307,317,330,343,356,
-34,-34,-34,-32,-32,-32,-32,-31,-30,-30,-30,-30,-29,-28,-27,-27,-25,-24,-24,-24,-23,-20,-19,-19,-17,-15,-14,-13,-12,-10,-9,-7,-5,-2,0,1,4,6,8,9,14,17,19,22,24,28,32,36,38,42,47,50,56,61,65,70,74,81,86,92,97,103,111,117,123,130,138,145,153,161,168,176,185,192,201,211,219,229,238,248,260,269,279,292,302,314,326,336,349,362,376,
-33,-33,-32,-31,-31,-31,-30,-30,-30,-28,-28,-28,-28,-25,-25,-25,-24,-23,-22,-22,-20,-18,-17,-16,-16,-14,-12,-12,-8,-8,-7,-4,-2,0,2,6,6,9,12,16,17,19,22,25,29,32,37,38,44,48,52,57,62,66,72,76,82,88,93,100,105,113,119,125,132,139,148,155,163,171,179,187,197,205,214,223,232,244,253,264,274,285,296,308,319,331,345,359,368,382,396,
-30,-30,-30,-30,-30,-29,-29,-29,-29,-27,-26,-26,-24,-24,-24,-23,-21,-21,-20,-19,-17,-16,-16,-16,-12,-11,-10,-8,-7,-4,-3,-1,0,4,5,7,10,12,17,18,20,22,26,30,33,38,41,45,49,53,57,64,68,73,79,84,89,96,101,107,113,121,127,135,142,150,158,166,174,183,190,200,208,219,229,237,247,258,269,280,291,304,314,328,338,351,364,378,390,404,419,
