-7,-7,-7,-7,-7,-7,-5,-5,-5,0,0,0,0,0,0,-5,-5,-5,-5,-5,-5,0,0,0,0,0,0,-5,-5,-5,-5,-5,-5,-5,-5,-5,-5,-5,-4,-4,-2,0,0,0,0,0,0,0,0,0,0,0,0,0,0,0,0,0,1,1,1,2,2,2,4,4,4,5,6,7,8,9,9,9,11,12,12,13,15,16,16,16,18,20,20,22,22,24,25,26,26,29,
-7,-7,-7,-7,-7,-7,-7,0,0,0,0,0,0,0,0,0,0,-5,-5,-5,-5,0,0,0,0,0,0,-5,-5,-5,-5,-5,-5,-5,-5,-5,-5,-5,-5,-5,-4,-1,0,0,0,0,0,0,0,0,0,0,0,0,0,0,0,0,0,1,1,1,2,2,3,4,4,4,5,7,8,9,9,9,10,12,12,13,14,16,16,16,18,20,20,21,22,24,25,26,26,28,
-8,-8,-8,-8,-8,-8,0,0,0,0,0,0,0,0,0,0,0,0,0,-5,-5,0,0,0,0,0,0,-5,-5,-5,-5,-5,-5,-5,-5,-5,-5,-5,-5,-5,-5,-4,-2,0,0,0,0,0,0,0,0,0,0,0,0,0,0,0,0,1,1,1,2,2,3,4,4,4,5,7,8,9,9,9,10,12,12,13,14,16,16,16,18,19,21,21,22,24,25,26,27,28,
-8,-8,-8,-8,-8,0,0,0,0,0,0,0,0,0,0,0,0,0,0,0,-7,0,0,0,0,0,0,-5,-5,-5,-5,-5,-5,-5,-5,-5,-5,-5,-5,-5,-5,-5,-5,-2,0,0,0,0,0,0,0,0,0,0,0,0,0,0,0,0,1,1,1,2,2,3,4,4,5,7,7,8,9,9,9,11,12,12,14,16,16,16,17,19,21,21,22,24,25,26,27,28,
-9,-9,-9,-8,0,0,0,0,0,0,0,0,0,-8,-8,-8,-7,-7,0,0,0,0,0,0,0,0,0,-5,-5,-5,-5,-5,-5,-5,-5,-5,-5,-5,-5,-5,-5,-5,-5,-4,-1,0,0,0,0,0,0,0,0,0,0,0,0,0,0,0,1,1,1,2,2,3,4,4,5,6,7,8,9,9,9,11,12,13,14,15,16,16,17,19,21,21,22,24,25,26,27,28,
-9,-9,-9,0,0,0,0,0,0,0,0,-8,-8,-8,-8,-8,-8,-8,-8,-8,0,0,0,0,0,0,0,-6,-6,-5,-5,-5,-5,-5,-5,-5,-5,-5,-5,-5,-5,-5,-5,-5,-3,-1,0,0,0,0,0,0,0,0,0,0,0,0,0,0,0,1,1,1,2,3,3,4,5,6,7,8,9,9,9,10,12,13,14,14,16,16,17,19,21,21,22,24,25,27,27,29,
-9,-9,-9,0,0,0,0,0,0,0,-9,-9,-9,-9,-8,-8,-8,-8,-8,-8,-8,0,0,0,0,0,0,-7,-7,-7,-6,-6,-5,-5,-5,-5,-5,-5,-5,-5,-5,-5,-5,-5,-4,-3,-1,0,0,0,0,0,0,0,0,0,0,0,0,0,0,0,1,1,2,3,3,4,5,6,7,7,9,9,9,10,12,13,14,14,16,16,17,20,21,21,22,24,25,27,27,29,
-9,-9,0,0,0,0,0,0,0,-9,-9,-9,-9,-9,-9,-9,-9,-9,-8,-8,-8,0,0,0,0,0,0,-7,-7,-7,-7,-7,-6,-6,-5,-5,-5,-5,-5,-5,-5,-5,-5,-5,-4,-4,-3,-1,0,0,0,0,0,0,0,0,0,0,0,0,0,0,1,1,1,2,3,4,5,6,7,7,9,9,9,9,13,13,14,14,16,16,17,20,21,21,22,24,26,27,27,29,
-9,-9,0,0,0,0,0,0,-9,-9,-9,-9,-9,-9,-9,-9,-9,-9,-9,-9,-9,0,0,0,0,0,0,-7,-7,-7,-7,-7,-7,-7,-6,-6,-5,-5,-5,-5,-5,-5,-5,-5,-4,-4,-4,-2,0,0,0,0,0,0,0,0,0,0,0,0,0,0,0,1,1,2,3,3,6,6,6,7,9,9,9,9,13,13,14,14,16,16,18,20,21,21,21,24,26,27,27,30,
-10,0,0,0,0,0,0,0,-9,-9,-9,-9,-9,-9,-9,-9,-9,-9,-9,-9,-9,0,0,0,0,0,0,-8,-8,-7,-7,-7,-7,-7,-7,-6,-6,-5,-5,-5,-5,-5,-5,-5,-4,-4,-4,-4,-2,0,0,0,0,0,0,0,0,0,0,0,0,0,0,1,1,2,3,3,6,6,6,7,8,9,9,11,12,13,14,14,16,17,18,19,21,21,22,25,26,27,27,30,
-11,0,0,0,0,0,0,-10,-10,-10,-10,-10,-10,-9,-9,-9,-9,-9,-9,-9,-9,0,0,0,0,0,0,-8,-8,-8,-8,-7,-7,-7,-7,-7,-7,-6,-6,-5,-5,-5,-5,-5,-4,-4,-4,-4,-2,-2,0,0,0,0,0,0,0,0,0,0,0,0,0,1,1,1,3,3,5,6,6,7,8,9,9,11,12,13,14,14,16,18,18,19,21,21,22,25,26,27,27,31,
-12,0,0,0,0,0,0,-11,-10,-10,-10,-10,-10,-10,-10,-10,-10,-10,-10,-9,-9,0,0,0,0,0,0,-8,-8,-8,-8,-8,-8,-7,-7,-7,-7,-7,-6,-6,-5,-5,-5,-5,-4,-4,-4,-4,-3,-2,-2,0,0,0,0,0,0,0,0,0,0,0,0,0,1,1,3,4,5,6,6,7,8,9,10,11,12,13,14,14,17,18,19,19,21,22,23,25,26,26,28,31,
-12,0,0,0,0,0,0,-12,-12,-12,-11,-10,-10,-10,-10,-10,-10,-10,-10,-10,-10,0,0,0,0,0,0,-9,-8,-8,-8,-8,-8,-8,-7,-7,-7,-7,-7,-7,-6,-6,-5,-5,-4,-4,-4,-4,-3,-2,-2,-2,0,0,0,0,0,0,0,0,0,0,0,0,1,1,3,5,5,6,6,6,8,9,11,11,12,13,14,14,17,18,19,19,21,23,23,25,26,28,30,31,
-12,0,0,0,0,0,-12,-12,-12,-12,-12,-12,-12,-11,-11,-11,-11,-10,-10,-10,-10,0,0,0,0,0,0,-9,-9,-8,-8,-8,-8,-8,-8,-8,-7,-7,-7,-7,-7,-6,-6,-5,-4,-4,-4,-4,-3,-3,-2,-2,0,0,0,0,0,0,0,0,0,0,0,0,0,1,4,5,5,6,6,6,8,9,11,11,12,13,14,16,16,18,19,19,22,23,24,25,27,29,30,31,
-12,0,0,0,0,0,-12,-12,-12,-12,-12,-12,-12,-12,-12,-11,-11,-11,-11,-11,-11,0,0,0,0,0,0,-10,-10,-10,-8,-8,-8,-8,-8,-8,-8,-7,-7,-7,-7,-7,-6,-6,-4,-4,-4,-4,-3,-3,-2,-2,-2,0,0,0,0,0,0,0,0,0,0,0,0,1,3,5,5,5,6,6,8,10,11,11,12,14,15,16,16,18,19,20,23,23,24,25,27,29,30,31,
-12,0,0,0,0,0,-12,-12,-12,-12,-12,-12,-12,-12,-12,-12,-11,-11,-11,-11,-11,0,0,0,0,0,0,-10,-10,-10,-9,-9,-8,-8,-8,-8,-8,-8,-7,-7,-7,-7,-7,-6,-5,-4,-4,-4,-3,-3,-3,-2,-2,-1,0,0,0,0,0,0,0,0,0,0,0,2,4,5,5,5,6,6,10,10,11,11,11,13,16,16,16,19,19,21,23,24,24,26,28,30,30,32,
-13,0,0,0,0,0,-12,-12,-12,-12,-12,-12,-12,-12,-12,-12,-12,-12,-11,-11,-11,0,0,0,0,0,0,-10,-10,-10,-10,-9,-9,-9,-8,-8,-8,-8,-7,-7,-7,-7,-7,-7,-5,-5,-4,-4,-3,-3,-3,-2,-2,-2,0,0,0,0,0,0,0,0,0,0,0,1,4,5,5,5,6,6,10,10,11,11,11,15,16,16,16,19,21,21,23,24,25,28,28,30,31,33,
-14,0,0,0,0,0,-13,-13,-13,-13,-13,-12,-12,-12,-12,-12,-12,-12,-12,-11,-11,0,0,0,0,0,0,-11,-11,-11,-10,-10,-9,-9,-9,-9,-8,-8,-8,-7,-7,-7,-7,-7,-6,-5,-5,-4,-3,-3,-3,-2,-2,-2,-2,0,0,0,0,0,0,0,0,0,1,2,4,5,5,5,6,9,10,10,11,11,13,15,16,16,18,20,21,21,24,25,26,28,29,31,33,34,
-14,-14,0,0,0,0,-14,-14,-14,-14,-14,-14,-14,-14,-12,-12,-12,-12,-12,-12,-11,0,0,0,0,0,0,-11,-11,-11,-11,-11,-9,-9,-9,-9,-9,-9,-8,-7,-7,-7,-7,-7,-6,-6,-5,-5,-3,-3,-3,-2,-2,-2,-2,-1,0,0,0,0,0,0,0,0,1,3,4,4,5,5,6,9,10,10,11,11,14,15,16,16,19,21,21,21,25,26,26,29,30,32,34,34,
-14,-14,0,0,0,0,0,-14,-14,-14,-14,-14,-14,-14,-14,-14,-14,-13,-13,-13,-12,0,0,0,0,0,0,-11,-11,-11,-11,-11,-10,-10,-9,-9,-9,-9,-9,-8,-7,-7,-7,-7,-6,-6,-6,-4,-4,-3,-3,-2,-2,-2,-2,-2,0,0,0,0,0,0,0,1,2,3,3,4,5,5,8,9,10,10,11,14,14,15,16,18,20,21,21,22,25,26,28,30,31,33,34,36,
-14,-14,0,0,0,0,0,-14,-14,-14,-14,-14,-14,-14,-14,-14,-14,-14,-14,-13,-13,0,0,0,0,0,0,-11,-11,-11,-11,-11,-11,-10,-10,-9,-9,-9,-9,-9,-8,-7,-7,-6,-6,-6,-6,-5,-4,-4,-3,-2,-2,-2,-2,-2,-1,0,0,0,0,0,0,2,3,3,3,4,5,7,8,9,10,10,12,14,15,15,17,19,20,21,22,24,26,27,29,30,31,33,35,37,
-15,-15,-15,0,0,0,0,-14,-14,-14,-14,-14,-14,-14,-14,-14,-14,-14,-14,-14,-14,0,0,0,0,0,0,-12,-11,-11,-11,-11,-11,-10,-10,-10,-10,-9,-9,-9,-8,-8,-7,-6,-6,-6,-6,-5,-4,-4,-3,-2,-2,-2,-2,-2,-1,0,0,0,0,0,1,2,3,3,3,4,6,8,8,9,10,11,13,14,15,15,18,19,20,22,23,25,26,28,30,31,32,35,36,38,
-15,-15,-15,-15,0,0,0,0,-15,-15,-15,-15,-15,-14,-14,-14,-14,-14,-14,-14,-14,0,0,0,0,0,0,-12,-12,-12,-11,-11,-11,-10,-10,-10,-10,-10,-9,-9,-8,-8,-8,-6,-6,-6,-6,-5,-5,-4,-3,-3,-2,-2,-2,-2,-1,-1,0,0,0,1,2,3,3,3,3,5,8,8,8,9,10,13,13,14,15,17,19,20,21,23,24,25,28,28,31,32,34,36,37,40,
-15,-15,-15,-15,0,0,0,0,-15,-15,-15,-15,-15,-15,-15,-15,-15,-14,-14,-14,-14,0,0,0,0,0,0,-12,-12,-12,-12,-12,-12,-10,-10,-10,-10,-10,-9,-9,-8,-8,-7,-7,-7,-6,-5,-5,-5,-4,-3,-3,-2,-2,-2,-2,-1,-1,0,0,0,1,2,3,3,3,3,6,8,8,8,10,13,13,13,15,17,18,19,20,22,24,25,27,28,30,32,33,36,37,39,42,
-16,-16,-16,-16,-16,0,0,0,0,-15,-15,-15,-15,-15,-15,-15,-15,-15,-15,-15,-14,0,0,0,0,0,0,-12,-12,-12,-12,-12,-12,-11,-11,-10,-10,-10,-10,-9,-8,-8,-7,-7,-7,-7,-5,-5,-5,-4,-3,-3,-3,-2,-2,-2,-1,-1,-1,0,1,2,3,3,3,3,5,7,8,8,8,13,13,13,13,17,18,18,20,22,23,25,27,28,30,31,33,35,37,38,41,43,
-17,-16,-16,-16,-16,-16,0,0,0,0,-16,-16,-16,-16,-15,-15,-15,-15,-15,-15,0,0,0,0,0,0,0,-12,-12,-12,-12,-12,-12,-11,-11,-11,-10,-10,-10,-9,-8,-8,-7,-7,-7,-7,-6,-5,-5,-4,-3,-3,-3,-3,-2,-2,-1,-1,-1,1,2,2,3,3,3,4,6,7,8,8,11,13,13,13,15,18,18,19,22,23,23,27,27,30,31,32,35,37,38,41,43,44,
-17,-17,-17,-16,-16,-16,-16,-16,0,0,0,-16,-16,-16,-16,-16,-16,-16,-16,0,0,0,0,0,0,0,0,-12,-12,-12,-12,-12,-12,-11,-11,-11,-11,-11,-10,-10,-8,-7,-7,-7,-7,-6,-6,-5,-5,-3,-3,-3,-3,-3,-2,-2,-1,-1,-1,1,2,3,3,3,3,5,7,7,8,9,12,13,13,15,17,18,18,21,23,23,27,27,28,32,32,35,37,37,41,42,44,46,
-17,-17,-17,-17,-17,-16,-16,-16,-16,0,0,0,0,0,0,0,0,0,0,0,0,0,0,0,0,0,0,-12,-12,-12,-12,-12,-12,-11,-11,-11,-11,-11,-11,-10,-8,-7,-7,-7,-7,-6,-6,-6,-5,-3,-3,-3,-3,-3,-2,-1,-1,-1,0,2,2,3,3,3,5,7,7,7,9,12,12,13,14,17,18,18,21,23,23,26,27,28,31,32,33,37,37,41,42,44,47,48,
-17,-17,-17,-17,-17,-17,-17,-16,-16,-16,-16,0,0,0,0,0,0,0,0,0,0,0,-15,-15,-15,-15,-14,-12,-12,-12,-12,-12,-12,-11,-11,-11,-11,-11,-11,-11,-7,-7,-7,-7,-6,-6,-6,-6,-5,-3,-3,-3,-3,-3,-2,-1,-1,0,1,2,3,3,3,5,5,7,7,7,11,12,12,14,17,17,18,21,22,23,26,26,28,31,32,33,37,37,40,42,43,47,47,51,
-17,-17,-17,-17,-17,-17,-17,-17,-16,-16,-16,-16,-16,-16,0,0,0,0,0,-16,-16,-15,-15,-15,-15,-15,-15,-15,-12,-12,-12,-12,-12,-11,-11,-11,-11,-11,-11,-10,-9,-7,-7,-7,-6,-6,-6,-6,-4,-3,-3,-3,-3,-3,-2,-1,0,1,1,3,3,3,5,5,7,7,7,10,12,12,13,16,17,17,20,22,23,25,27,28,31,31,33,36,37,41,42,43,47,47,52,52,
-17,-17,-17,-17,-17,-17,-17,-17,-17,-16,-16,-16,-16,-16,-16,-16,-16,-16,-16,-16,-16,-15,-15,-15,-15,-15,-15,-15,-14,-12,-12,-12,-12,-11,-11,-11,-11,-11,-11,-10,-9,-7,-7,-6,-6,-6,-6,-6,-5,-3,-3,-3,-3,-3,-2,0,1,1,1,3,3,5,5,6,7,7,9,12,12,13,16,17,17,19,22,22,25,27,28,31,31,33,36,38,41,42,44,47,47,52,52,57,
-19,-17,-17,-17,-17,-17,-17,-17,-17,-17,-16,-16,-16,-16,-16,-16,-16,-16,-16,-16,-15,-15,-15,-15,-15,-15,-15,-15,-14,-14,-13,-12,-11,-11,-11,-11,-11,-11,-10,-10,-9,-8,-7,-6,-6,-6,-6,-5,-4,-3,-3,-3,-3,-3,0,0,1,1,2,3,5,5,6,7,7,9,10,12,13,15,17,17,18,22,22,25,27,27,30,32,33,36,38,41,41,45,46,48,51,53,57,58,
-20,-20,-20,-19,-19,-18,-18,-17,-17,-17,-16,-16,-16,-16,-16,-16,-16,-16,-16,-15,-15,-15,-15,-15,-15,-15,-15,-15,-14,-14,-13,-13,-11,-11,-11,-11,-11,-10,-10,-9,-9,-8,-6,-6,-6,-6,-6,-5,-4,-3,-3,-3,-3,-3,0,1,1,2,2,4,5,5,6,7,9,10,12,13,14,17,17,18,22,22,24,27,27,30,32,33,36,37,41,41,45,46,50,51,53,56,58,62,
-20,-20,-20,-20,-20,-19,-19,-19,-19,-18,-18,-17,-16,-16,-16,-16,-16,-16,-15,-15,-15,-15,-15,-15,-15,-15,-15,-15,-15,-14,-14,-12,-12,-11,-11,-11,-10,-10,-10,-9,-9,-7,-6,-6,-6,-6,-5,-5,-4,-3,-3,-3,-3,-1,1,1,1,2,4,5,5,6,7,9,10,10,13,14,15,17,18,20,22,24,27,28,29,32,34,36,37,40,41,45,46,50,51,55,56,60,62,65,
-20,-20,-20,-20,-20,-20,-19,-19,-19,-19,-19,-18,-17,-17,-17,-17,-16,-15,-15,-15,-15,-15,-15,-15,-15,-15,-15,-15,-14,-14,-14,-12,-12,-12,-11,-10,-10,-10,-10,-9,-9,-7,-7,-6,-6,-6,-5,-5,-4,-3,-3,-3,-2,0,1,1,2,3,5,5,6,7,9,10,10,13,14,15,17,19,20,22,24,25,28,29,32,34,36,38,40,42,45,46,50,51,55,56,61,62,66,69,
-20,-20,-20,-20,-20,-20,-20,-19,-19,-19,-18,-18,-18,-18,-17,-17,-16,-16,-16,-15,-15,-15,-15,-15,-15,-15,-15,-15,-14,-14,-13,-13,-12,-12,-10,-10,-10,-10,-9,-9,-8,-7,-7,-6,-6,-5,-5,-4,-4,-3,-3,-2,-1,0,1,2,3,4,5,6,6,9,9,10,12,14,15,17,19,20,23,24,25,28,29,32,34,36,39,39,43,44,48,50,52,55,58,61,63,66,69,72,
-20,-20,-20,-20,-20,-20,-20,-20,-19,-19,-18,-18,-18,-18,-17,-17,-16,-16,-16,-16,-16,-15,-15,-15,-15,-15,-15,-15,-14,-14,-13,-13,-12,-11,-11,-10,-10,-10,-9,-8,-8,-7,-7,-6,-6,-5,-5,-4,-4,-3,-2,-1,0,0,2,3,4,4,6,6,9,9,10,12,14,15,17,19,20,22,25,25,28,30,32,34,36,39,39,44,44,49,49,54,56,58,61,63,66,69,73,76,
-20,-20,-20,-20,-20,-20,-20,-20,-20,-19,-18,-18,-17,-17,-17,-17,-17,-16,-16,-16,-16,-16,-16,-15,-15,-15,-15,-15,-14,-13,-13,-13,-11,-11,-11,-10,-10,-9,-8,-8,-8,-7,-7,-6,-5,-5,-5,-4,-3,-2,-1,-1,0,2,3,4,4,6,7,9,9,10,12,13,15,16,18,20,22,25,25,27,30,32,34,36,39,40,44,44,49,49,54,55,59,62,64,68,71,73,78,80,
-20,-20,-20,-20,-20,-20,-20,-20,-20,-18,-17,-17,-17,-17,-17,-17,-17,-17,-16,-16,-16,-16,-16,-16,-15,-15,-15,-14,-13,-13,-13,-12,-11,-11,-11,-11,-10,-8,-8,-8,-7,-7,-7,-5,-5,-5,-4,-3,-3,-1,-1,0,0,3,4,4,5,8,8,9,10,12,13,15,16,18,20,21,24,26,27,30,32,35,36,39,41,44,46,49,51,54,56,59,63,64,68,72,73,78,83,83,
-20,-20,-20,-20,-20,-20,-20,-19,-18,-18,-17,-17,-17,-17,-17,-17,-17,-17,-17,-16,-16,-16,-16,-16,-16,-15,-15,-13,-13,-12,-12,-12,-11,-11,-11,-11,-8,-8,-8,-8,-7,-7,-6,-5,-5,-5,-3,-3,-1,-1,-1,0,2,4,4,5,8,8,9,10,12,13,14,17,18,20,21,24,26,29,30,32,35,36,38,41,43,46,49,53,54,58,59,64,67,69,72,75,78,83,86,88,
-21,-20,-20,-19,-19,-19,-19,-18,-18,-18,-17,-17,-17,-17,-17,-17,-17,-17,-17,-16,-16,-16,-16,-16,-16,-16,-14,-13,-12,-12,-12,-12,-11,-11,-11,-9,-8,-8,-8,-8,-7,-7,-6,-5,-5,-3,-3,-2,-1,-1,1,3,4,4,4,7,8,9,10,12,13,14,17,19,20,22,24,26,29,30,33,35,36,39,41,43,48,48,53,55,58,60,63,67,70,72,77,80,83,87,91,93,
-20,-20,-20,-20,-20,-18,-18,-18,-18,-17,-17,-17,-17,-17,-17,-17,-17,-17,-17,-17,-16,-16,-16,-16,-16,-15,-13,-12,-12,-12,-12,-12,-11,-11,-10,-9,-8,-8,-8,-7,-7,-6,-6,-5,-4,-3,-2,-2,-1,1,3,3,4,4,7,7,8,12,12,12,15,16,19,20,22,24,25,29,30,34,35,37,40,43,45,48,50,53,56,58,63,64,68,71,74,77,82,85,87,92,96,100,
-20,-20,-20,-20,-19,-19,-19,-19,-18,-17,-17,-17,-17,-17,-17,-17,-17,-17,-17,-17,-16,-16,-16,-16,-14,-13,-13,-13,-12,-12,-12,-12,-11,-10,-9,-9,-9,-8,-8,-7,-6,-6,-5,-4,-3,-2,-2,-2,0,3,3,3,5,7,7,8,12,12,12,15,16,19,20,21,25,26,29,30,34,35,38,40,43,45,48,50,54,56,59,63,65,69,72,75,79,82,86,90,93,97,102,105,
-20,-20,-19,-19,-19,-19,-19,-19,-18,-18,-17,-17,-17,-17,-17,-17,-17,-17,-17,-17,-16,-16,-14,-14,-13,-13,-13,-13,-12,-12,-12,-11,-10,-9,-9,-9,-9,-8,-7,-6,-6,-5,-4,-4,-2,-2,-1,0,3,3,3,5,7,7,7,12,12,12,16,16,18,21,21,25,26,30,30,35,35,39,40,45,45,49,51,54,56,60,64,66,69,74,75,80,84,87,90,95,99,103,107,111,
-19,-19,-19,-19,-19,-19,-19,-18,-18,-18,-18,-18,-17,-17,-17,-17,-17,-17,-17,-16,-15,-14,-14,-14,-13,-13,-13,-13,-12,-12,-12,-10,-9,-9,-9,-9,-8,-8,-6,-5,-5,-5,-4,-2,-2,-1,-1,3,3,3,6,7,7,8,12,12,13,16,16,18,21,22,25,26,30,31,34,35,39,41,44,46,50,51,55,58,61,64,68,70,74,78,80,85,90,92,95,100,104,109,114,119,
-19,-19,-19,-19,-19,-19,-18,-18,-18,-18,-18,-18,-18,-18,-17,-17,-16,-16,-16,-15,-14,-14,-14,-13,-13,-13,-13,-13,-12,-12,-10,-9,-9,-9,-9,-9,-8,-6,-5,-5,-5,-4,-2,-1,-1,-1,3,3,4,6,7,7,10,12,12,15,16,16,18,21,23,26,27,29,32,34,37,39,41,44,47,50,52,56,58,62,66,68,72,75,79,83,86,90,95,98,102,106,111,114,119,124,
-19,-19,-19,-19,-19,-18,-18,-18,-18,-18,-18,-18,-17,-17,-17,-16,-16,-15,-15,-15,-14,-13,-13,-13,-13,-13,-13,-13,-12,-11,-9,-9,-9,-9,-9,-9,-5,-5,-5,-5,-4,-3,-1,-1,0,1,3,4,6,6,7,10,11,12,15,16,16,19,21,23,25,28,30,33,34,38,39,43,44,48,50,54,57,60,62,67,69,73,77,79,84,88,91,96,99,104,108,113,118,123,127,132,
-19,-19,-19,-19,-18,-18,-18,-18,-17,-17,-17,-17,-17,-17,-17,-16,-15,-15,-15,-14,-13,-13,-13,-13,-13,-13,-13,-12,-11,-9,-9,-9,-9,-9,-8,-7,-5,-5,-5,-4,-3,-1,-1,0,1,4,4,6,6,8,10,11,12,15,16,18,19,20,24,25,28,30,33,35,38,39,43,45,48,51,54,57,61,64,67,71,74,77,81,85,89,94,98,101,105,110,115,119,124,129,134,139,
-19,-19,-17,-17,-17,-17,-17,-17,-17,-17,-17,-17,-17,-16,-16,-16,-15,-15,-15,-13,-13,-13,-13,-13,-13,-12,-12,-12,-9,-9,-9,-9,-8,-8,-7,-5,-5,-4,-4,-3,-2,-1,0,2,3,5,6,6,9,10,11,14,15,16,19,19,21,24,25,28,30,33,35,38,42,43,47,49,52,56,58,61,66,69,71,76,80,83,86,90,95,100,105,108,112,116,121,126,131,137,141,146,
-17,-17,-17,-17,-17,-17,-17,-17,-17,-17,-16,-16,-16,-16,-16,-16,-15,-14,-13,-13,-13,-13,-13,-12,-12,-12,-12,-11,-9,-9,-8,-8,-8,-7,-6,-5,-4,-3,-3,-2,0,1,2,3,5,6,7,8,10,11,13,15,16,19,19,23,24,27,29,32,34,37,38,42,43,47,51,52,57,61,62,66,71,73,76,81,85,89,92,97,101,105,110,115,120,123,128,134,140,145,150,155,
-17,-17,-17,-17,-17,-17,-17,-16,-16,-16,-16,-16,-16,-16,-16,-16,-14,-13,-13,-13,-13,-12,-12,-12,-12,-11,-11,-10,-8,-8,-8,-7,-7,-6,-5,-3,-3,-3,-2,-1,2,2,4,4,7,7,8,10,12,14,15,18,19,20,23,24,27,29,32,33,37,39,42,47,47,52,54,57,61,64,67,71,75,79,82,86,90,94,99,103,108,112,117,122,127,132,137,143,148,154,159,164,
-17,-17,-17,-16,-16,-16,-16,-16,-16,-16,-16,-16,-16,-16,-15,-15,-13,-13,-13,-12,-12,-12,-12,-12,-11,-10,-9,-8,-8,-8,-7,-7,-6,-4,-3,-3,-3,-1,0,2,2,4,5,7,8,9,11,13,14,16,19,19,21,23,25,28,29,33,34,37,40,42,47,48,52,55,58,62,65,69,72,75,80,84,88,93,96,101,105,109,114,120,125,130,135,140,145,150,155,162,168,175,
-16,-16,-16,-16,-16,-16,-16,-16,-16,-16,-16,-16,-15,-15,-15,-14,-12,-12,-12,-12,-12,-12,-10,-10,-10,-9,-9,-8,-8,-7,-6,-4,-4,-3,-3,-3,0,0,2,3,4,6,7,8,9,10,13,14,16,19,19,23,23,26,28,30,33,35,38,41,44,47,50,53,56,59,64,66,69,74,78,82,85,90,94,97,102,107,112,117,121,126,131,136,142,148,154,160,165,171,178,184,
-16,-16,-16,-16,-16,-16,-16,-16,-16,-15,-15,-15,-15,-13,-13,-12,-12,-12,-11,-11,-10,-10,-10,-10,-9,-9,-8,-7,-6,-5,-4,-4,-4,-3,-1,0,1,1,3,5,6,8,8,10,11,14,15,16,19,21,23,24,27,29,31,34,37,39,42,45,48,50,55,57,60,64,68,72,74,79,83,87,92,97,102,107,110,115,120,125,130,135,140,146,152,157,164,169,175,182,188,195,
-16,-16,-16,-16,-16,-16,-15,-15,-15,-14,-14,-13,-13,-12,-11,-11,-11,-11,-10,-10,-10,-10,-9,-9,-9,-6,-6,-5,-5,-4,-4,-4,-1,-1,0,1,2,4,6,6,7,10,10,11,15,16,17,20,21,23,25,27,30,32,34,37,40,43,45,49,52,55,59,62,65,68,73,78,81,83,88,93,97,102,107,112,117,122,127,132,139,144,150,155,161,167,174,180,186,192,200,206,
-16,-16,-16,-15,-15,-14,-13,-13,-13,-12,-12,-12,-12,-11,-11,-11,-10,-10,-10,-10,-10,-8,-8,-8,-6,-5,-5,-5,-4,-3,-2,-1,-1,1,3,3,4,6,7,8,10,11,12,15,16,18,21,22,25,26,28,31,33,36,38,41,44,48,50,54,56,59,64,68,70,74,78,83,87,91,95,100,105,110,115,119,124,129,135,140,147,152,157,164,172,177,184,191,196,204,211,219,
-13,-13,-13,-13,-13,-13,-13,-12,-12,-12,-12,-12,-11,-10,-10,-10,-10,-9,-9,-8,-8,-8,-7,-5,-5,-5,-3,-3,-2,-2,-1,0,2,3,3,6,7,8,9,11,12,13,16,16,20,21,23,25,26,29,31,34,36,40,42,45,48,52,54,59,60,64,69,73,76,80,84,89,92,97,102,106,111,116,122,128,133,138,143,149,157,162,167,175,181,188,195,201,209,216,224,231,
-13,-13,-13,-13,-13,-12,-12,-12,-12,-12,-9,-9,-9,-9,-9,-9,-9,-8,-8,-7,-6,-6,-4,-4,-4,-3,-2,-2,-2,0,2,3,3,3,8,8,8,9,12,12,15,16,18,20,22,24,25,28,30,32,35,37,40,43,46,49,53,56,59,63,65,70,75,77,82,86,91,95,99,104,109,114,119,124,129,135,142,148,153,159,166,171,179,185,192,200,206,213,222,228,237,245,
-13,-13,-11,-11,-11,-11,-11,-10,-9,-9,-9,-9,-9,-9,-9,-8,-8,-6,-5,-5,-5,-4,-4,-3,-2,-2,-1,-1,2,3,3,3,6,8,8,9,11,12,13,15,17,19,20,24,25,27,29,30,34,36,39,41,45,46,51,54,56,61,65,68,72,76,79,84,88,93,98,103,107,112,116,122,127,133,138,144,150,156,162,169,176,183,188,198,203,212,219,227,235,242,250,260,
-11,-11,-11,-10,-10,-10,-9,-9,-9,-9,-9,-9,-8,-6,-5,-5,-5,-5,-5,-4,-4,-2,-2,-1,-1,-1,1,3,3,4,6,7,8,8,11,11,12,15,16,19,19,22,24,26,28,29,32,35,37,41,42,46,49,51,56,59,62,66,69,74,78,81,85,90,95,100,104,109,114,119,125,130,136,142,147,153,159,166,174,179,187,193,202,208,216,223,231,240,249,256,265,274,
-10,-10,-10,-8,-8,-8,-8,-8,-8,-7,-6,-5,-5,-5,-5,-5,-5,-4,-2,-1,-1,-1,-1,-1,1,3,4,4,6,6,8,9,11,11,12,15,16,16,20,21,23,25,28,28,32,32,37,37,42,45,47,51,54,56,60,65,68,71,75,79,84,88,91,96,101,106,111,116,122,128,133,139,145,150,158,164,169,176,184,191,197,207,212,221,229,236,245,254,263,271,281,291,
-9,-8,-8,-8,-7,-7,-7,-5,-5,-5,-5,-4,-4,-4,-3,-2,-2,-1,-1,-1,-1,0,2,4,4,4,6,6,8,9,11,11,12,15,15,16,19,20,23,25,28,28,31,32,37,37,42,42,47,49,52,55,59,62,65,70,73,77,82,85,90,95,99,104,109,115,119,124,130,135,141,148,155,160,167,173,180,188,195,202,210,218,225,234,243,252,260,269,277,286,296,307,
