-13,0,0,0,0,0,0,0,0,0,0,0,0,0,0,0,0,0,0,0,0,0,0,0,-7,-7,-7,-7,-7,-7,-7,-7,-7,-5,-5,-5,-5,-5,-5,-4,-4,-4,-3,-2,-1,0,1,2,4,4,4,5,6,7,7,7,9,9,9,10,13,13,13,14,16,17,19,20,21,23,24,25,28,30,32,34,38,39,41,42,46,46,52,53,57,57,60,64,66,69,73,75,79,81,84,87,92,95,99,101,106,111,113,
-13,0,0,0,0,0,0,0,0,0,0,0,0,0,0,0,0,0,0,0,0,0,0,0,0,0,0,0,-7,-7,-7,-7,-7,-7,-7,-5,-5,-5,-5,-5,-5,-4,-4,-3,-3,-1,0,1,2,4,4,4,5,6,7,7,7,9,9,9,11,13,13,13,15,17,17,19,20,22,23,24,27,30,32,33,37,38,41,42,46,46,52,53,56,57,59,64,66,68,73,74,79,81,84,88,93,95,99,101,106,110,113,
-15,-14,-13,-13,0,0,0,0,0,0,0,0,0,0,-12,-11,-11,-11,-11,-11,-11,0,0,0,0,0,0,0,0,0,0,-7,-7,-7,-7,-7,-7,-5,-5,-5,-5,-5,-4,-4,-3,-3,-1,0,0,2,4,4,4,5,6,7,7,9,9,9,10,13,13,13,14,16,17,19,20,22,23,24,27,29,32,33,36,38,41,41,44,46,49,53,55,57,58,64,66,68,72,74,79,81,84,88,93,95,99,101,107,111,113,
-16,-16,-16,-16,-16,-16,0,0,0,0,0,0,-13,-13,-13,-13,-13,-13,-13,-11,-11,-11,-11,-11,-10,0,0,0,0,0,0,0,0,-7,-7,-7,-7,-7,-6,-5,-5,-5,-5,-5,-4,-3,-3,-2,0,0,2,4,4,5,6,6,7,7,9,9,9,11,13,13,14,15,17,18,20,20,23,24,25,28,32,33,34,38,39,41,42,46,48,53,55,57,58,62,65,68,71,74,79,81,84,88,92,95,99,101,107,111,114,
-16,-16,-16,-16,-16,-16,0,0,0,0,0,0,-15,-15,-13,-13,-13,-13,-13,-13,-13,-13,-13,-12,-11,-11,-11,0,0,0,0,0,0,0,-7,-7,-7,-7,-7,-6,-5,-5,-5,-5,-5,-4,-3,-2,-2,0,1,2,4,4,5,6,7,7,8,9,9,9,13,13,13,14,16,18,19,20,22,23,25,27,31,32,33,38,39,41,42,46,48,53,55,57,58,62,65,68,70,74,79,81,85,88,92,96,99,100,107,111,114,
-16,-16,-16,-16,-16,-16,0,0,0,0,0,0,-16,-16,-16,-16,-16,-15,-15,-13,-13,-13,-13,-13,-13,-13,-13,-11,0,0,0,0,0,0,0,-7,-7,-7,-7,-7,-7,-6,-5,-5,-5,-5,-4,-3,-2,-2,0,1,3,4,4,6,6,7,7,9,9,9,11,13,13,14,15,17,18,20,21,23,25,27,30,32,33,36,38,41,42,46,48,53,54,56,58,62,66,68,71,74,78,80,84,88,91,96,98,101,107,111,114,
-16,-16,-16,-16,-16,-16,0,0,0,0,0,0,-16,-16,-16,-16,-16,-16,-16,-16,-16,-15,-15,-13,-13,-13,-13,-13,-13,-13,0,0,0,0,0,0,-8,-7,-7,-7,-7,-7,-6,-5,-5,-5,-5,-4,-2,-2,-2,0,1,4,4,4,6,6,7,8,9,9,10,11,13,14,14,16,18,19,21,23,23,26,29,32,33,35,38,40,41,45,48,52,54,55,58,62,66,68,70,74,77,80,84,87,91,96,98,101,107,111,114,
-19,-18,-18,-18,-18,-16,0,0,0,0,0,0,-16,-16,-16,-16,-16,-16,-16,-16,-16,-16,-16,-16,-16,-15,-13,-13,-13,-13,-13,0,0,0,0,0,0,-8,-7,-7,-7,-7,-7,-6,-6,-5,-5,-5,-3,-2,-2,-2,1,1,4,4,5,6,6,7,8,9,9,10,13,13,14,15,18,19,20,21,23,26,29,32,33,34,38,40,41,45,48,51,54,55,58,62,66,69,70,74,77,81,85,87,92,96,98,102,108,111,114,
-22,-22,-22,-21,-19,-19,0,0,0,0,0,0,-16,-16,-16,-16,-16,-16,-16,-16,-16,-16,-16,-16,-16,-16,-16,-16,-14,-13,-13,-13,0,0,0,0,0,0,-9,-8,-7,-7,-7,-7,-6,-6,-5,-5,-4,-3,-2,-2,-2,1,3,4,4,6,6,7,8,9,9,10,11,13,14,14,17,18,19,21,23,26,28,31,33,34,38,40,42,45,48,50,54,55,58,62,65,68,70,74,78,81,85,87,92,97,98,104,109,111,114,
-22,-22,-22,-22,-22,-22,0,0,0,0,0,0,-19,-19,-19,-18,-16,-16,-16,-16,-16,-16,-16,-16,-16,-16,-16,-16,-16,-16,-14,-14,0,0,0,0,0,0,0,-11,-9,-7,-7,-7,-7,-6,-6,-5,-4,-4,-3,-2,-2,-1,1,3,4,5,6,6,8,8,9,10,10,13,14,14,15,18,19,21,24,25,26,30,33,34,36,40,42,45,48,50,54,55,58,62,65,68,70,74,78,81,86,87,92,97,98,104,108,113,114,
-23,-23,-22,-22,-22,-22,0,0,0,0,0,0,-21,-21,-20,-20,-20,-19,-19,-19,-17,-16,-16,-16,-16,-16,-16,-16,-16,-16,-16,-16,-14,0,0,0,0,0,0,-11,-11,-10,-8,-7,-7,-7,-6,-6,-4,-4,-3,-3,-2,-2,0,2,4,4,5,6,6,8,9,9,10,11,14,14,14,18,18,21,23,25,26,30,33,34,35,40,41,44,47,50,53,55,58,61,65,68,70,75,78,81,85,88,93,97,99,104,109,113,116,
-23,-23,-23,-23,-23,-23,0,0,0,0,0,0,-21,-21,-21,-21,-21,-21,-21,-20,-20,-19,-19,-18,-18,-16,-16,-16,-16,-16,-16,-16,-16,0,0,0,0,0,0,0,-12,-11,-11,-9,-7,-7,-6,-6,-5,-5,-4,-3,-3,-2,-2,2,2,4,5,6,6,8,8,9,10,10,13,14,14,16,18,21,22,25,26,31,32,34,35,40,41,44,48,50,53,55,57,61,65,68,71,76,78,82,85,89,94,96,99,105,109,112,118,
-24,-24,-24,-24,-24,-24,0,0,0,0,0,0,-22,-22,-21,-21,-21,-21,-21,-21,-21,-21,-21,-21,-20,-19,-18,-18,-17,-16,-16,-16,-16,-16,0,0,0,0,0,0,-13,-13,-11,-11,-10,-7,-7,-6,-5,-5,-5,-4,-3,-3,-2,0,2,3,4,5,6,6,8,9,10,10,11,14,14,16,18,21,22,25,25,30,31,34,35,40,41,44,47,50,53,55,57,62,65,68,71,76,78,82,86,90,94,98,99,106,109,113,118,
-27,-26,-26,-26,-24,-24,0,0,0,0,0,0,-24,-23,-23,-23,-22,-22,-21,-21,-21,-21,-21,-21,-21,-21,-21,-20,-19,-18,-18,-17,-16,-16,0,0,0,0,0,0,0,-13,-13,-12,-11,-11,-9,-7,-5,-5,-5,-5,-3,-3,-3,-1,0,2,4,5,6,6,8,8,9,10,10,14,14,15,19,20,21,23,25,29,31,34,35,39,41,45,47,50,53,55,58,62,65,69,71,76,80,82,86,91,95,98,101,106,110,113,119,
-28,-28,-28,-27,-27,-26,0,0,0,0,0,0,-24,-24,-24,-24,-24,-24,-22,-22,-22,-22,-21,-21,-21,-21,-21,-21,-21,-21,-21,-18,-18,-18,-16,0,0,0,0,0,0,-13,-13,-13,-12,-11,-11,-9,-6,-5,-5,-5,-5,-3,-3,-2,0,1,2,5,5,6,7,8,9,10,10,14,14,15,17,19,21,23,26,28,31,34,35,37,41,44,46,50,53,56,59,62,66,69,71,77,80,82,86,91,95,99,103,108,111,115,120,
-28,-28,-28,-28,-28,-28,0,0,0,0,0,0,-26,-26,-26,-26,-25,-24,-24,-24,-23,-23,-22,-22,-22,-22,-21,-21,-21,-21,-21,-21,-21,-18,-18,0,0,0,0,0,0,-14,-13,-13,-13,-12,-11,-11,-8,-6,-5,-5,-5,-3,-3,-2,-2,0,2,4,5,5,7,7,8,10,10,11,14,15,16,19,21,23,26,27,32,34,35,37,42,44,47,50,53,55,59,63,66,68,72,77,81,82,87,92,96,99,104,109,113,116,123,
-30,-29,-29,-29,-28,-28,0,0,0,0,0,0,-28,-28,-26,-26,-26,-26,-26,-26,-26,-23,-23,-23,-23,-22,-22,-22,-22,-21,-21,-21,-21,-21,-20,0,0,0,0,0,0,0,-14,-14,-13,-13,-12,-12,-10,-9,-5,-5,-5,-5,-3,-2,-2,0,0,3,5,5,6,7,8,10,10,10,14,15,16,18,20,22,25,27,32,33,35,38,43,44,47,50,53,57,59,63,66,69,72,78,81,82,89,93,96,99,105,110,113,118,123,
-30,-30,-30,-30,-30,-30,0,0,0,0,0,0,-28,-28,-28,-28,-28,-27,-27,-26,-26,-26,-25,-25,-25,-23,-23,-22,-22,-22,-22,-22,-21,-21,-21,0,0,0,0,0,0,0,-14,-14,-14,-13,-12,-12,-11,-10,-9,-5,-5,-5,-4,-2,-2,-2,0,2,5,5,5,7,7,9,10,10,13,15,16,17,20,22,26,28,31,33,35,38,42,45,47,50,54,57,60,63,66,71,73,78,81,84,91,94,96,101,106,110,116,119,124,
-32,-31,-31,-31,-31,-30,0,0,0,0,0,0,-29,-29,-29,-29,-29,-28,-28,-28,-28,-27,-27,-26,-25,-25,-25,-25,-25,-23,-22,-22,-22,-22,-22,0,0,0,0,0,0,0,-15,-14,-14,-14,-13,-11,-11,-11,-10,-8,-5,-5,-5,-3,-2,-2,-1,1,3,5,5,7,7,8,10,10,12,15,16,16,21,22,27,28,31,33,36,39,42,45,47,51,55,58,60,63,67,72,75,78,83,86,91,94,99,104,107,111,117,120,125,
-32,-32,-32,-32,-32,-32,0,0,0,0,0,0,-30,-30,-30,-30,-30,-29,-29,-29,-29,-28,-28,-27,-26,-26,-26,-26,-25,-25,-25,-24,-22,-22,-22,0,0,0,0,0,0,0,-17,-15,-14,-14,-14,-11,-11,-11,-11,-10,-6,-5,-5,-3,-3,-2,-1,1,2,5,5,5,7,7,9,11,12,15,16,16,20,23,27,27,30,33,35,40,42,45,46,51,56,57,61,64,68,72,75,80,83,86,91,96,100,104,108,113,119,121,128,
-35,-34,-34,-33,-32,-32,0,0,0,0,0,0,-32,-31,-31,-31,-31,-31,-30,-30,-30,-30,-29,-29,-27,-26,-26,-26,-26,-26,-26,-25,-25,-24,-22,0,0,0,0,0,0,0,-18,-17,-17,-14,-14,-12,-11,-11,-11,-11,-9,-6,-4,-4,-3,-2,-2,0,1,5,5,5,7,7,10,11,12,12,16,17,20,23,26,27,29,34,38,40,42,45,47,53,55,57,62,65,69,72,76,81,85,88,93,97,101,104,110,115,119,123,129,
-36,-35,-35,-35,-35,-35,0,0,0,0,0,0,-32,-32,-32,-32,-32,-32,-31,-31,-31,-31,-31,-30,-30,-29,-28,-26,-26,-26,-26,-26,-26,-25,-25,-24,0,0,0,0,0,0,-19,-18,-17,-17,-14,-13,-12,-11,-11,-11,-11,-8,-4,-4,-3,-3,-1,0,1,2,5,5,6,7,10,10,12,12,17,17,21,24,26,27,30,34,37,40,42,46,50,54,55,57,64,67,69,71,78,82,85,91,94,99,101,107,111,115,122,126,130,
-37,-37,-36,-35,-35,-35,0,0,0,0,0,0,-33,-33,-33,-33,-33,-32,-32,-32,-32,-32,-32,-31,-31,-30,-29,-29,-29,-27,-26,-26,-26,-26,-26,-26,0,0,0,0,0,0,-19,-19,-19,-18,-15,-13,-12,-12,-11,-11,-11,-10,-7,-4,-4,-3,-2,0,0,2,5,5,6,8,9,10,12,12,16,18,20,24,26,27,30,36,37,40,44,46,50,53,55,58,65,67,69,74,79,82,87,93,95,101,105,109,114,120,125,128,134,
-37,-37,-37,-37,-37,-37,0,0,0,0,0,0,-35,-35,-35,-34,-34,-33,-33,-33,-33,-32,-32,-32,-32,-32,-31,-30,-30,-29,-28,-27,-26,-26,-26,0,0,0,0,0,0,0,-20,-19,-19,-19,-17,-15,-12,-12,-12,-11,-11,-10,-7,-6,-4,-3,-2,-1,0,2,3,5,7,7,8,10,11,13,14,18,20,23,26,28,31,37,37,40,43,49,50,53,56,61,65,67,73,75,79,84,90,93,96,104,105,111,117,120,126,132,135,
-40,-40,-40,-40,-39,-37,0,0,0,0,0,0,-36,-36,-36,-35,-35,-35,-34,-34,-34,-34,-33,-33,-32,-32,-31,-31,-31,-31,-30,-29,-28,-27,-26,0,0,0,0,0,0,0,-20,-20,-19,-18,-18,-17,-14,-12,-12,-12,-11,-9,-9,-7,-4,-3,-2,-2,0,1,3,5,6,7,8,9,10,13,14,19,21,23,27,28,31,35,37,40,45,49,50,54,60,61,64,69,75,77,80,86,90,93,99,104,107,114,117,123,128,134,139,
-40,-40,-40,-40,-40,-40,0,0,0,0,0,0,-36,-36,-36,-36,-36,-36,-36,-36,-36,-34,-34,-34,-34,-34,-31,-31,-31,-31,-31,-31,-30,-29,-27,0,0,0,0,0,0,0,-21,-20,-20,-18,-18,-18,-15,-14,-12,-12,-12,-9,-9,-8,-7,-4,-2,-2,0,1,2,6,6,7,8,9,11,14,15,19,21,23,28,29,33,35,38,41,46,48,51,57,60,61,67,71,75,78,84,88,92,97,100,106,112,114,119,125,131,138,143,
-41,-40,-40,-40,-40,-40,0,0,0,0,0,0,-39,-38,-38,-38,-38,-36,-36,-36,-36,-36,-36,-35,-35,-34,-33,-33,-33,-31,-31,-31,-31,-30,-30,0,0,0,0,0,0,0,-24,-22,-20,-18,-18,-18,-17,-14,-14,-12,-12,-10,-9,-8,-8,-4,-2,-2,-1,1,2,5,6,7,7,10,12,14,15,19,23,24,27,29,33,36,39,42,46,49,52,58,60,64,69,71,77,81,85,90,95,99,102,109,114,118,124,128,135,138,147,
-42,-42,-42,-42,-42,-42,0,0,0,0,0,0,-40,-40,-39,-39,-39,-38,-38,-38,-38,-37,-36,-36,-36,-34,-34,-34,-33,-33,-32,-32,-31,-31,-30,0,0,0,0,0,0,0,-24,-23,-21,-20,-18,-18,-17,-17,-14,-14,-11,-10,-9,-9,-8,-5,-2,-2,-1,2,2,5,6,7,8,11,11,14,15,18,24,24,28,30,34,37,40,44,47,50,55,58,62,67,70,72,80,81,87,93,96,101,106,110,117,121,126,132,135,143,148,
-45,-44,-44,-43,-43,-43,0,0,0,0,0,0,-41,-41,-40,-39,-39,-39,-39,-39,-38,-38,-38,-38,-37,-36,-35,-34,-34,-34,-34,-33,-32,-32,-30,0,0,0,0,0,0,0,-25,-23,-22,-22,-20,-18,-17,-17,-15,-14,-13,-10,-10,-9,-8,-6,-5,-2,0,1,2,4,5,7,9,11,11,14,16,20,24,25,27,32,35,38,42,45,48,51,55,60,63,67,72,76,81,84,90,93,99,103,108,113,119,124,129,134,142,145,153,
-45,-45,-45,-45,-45,-44,0,0,0,0,0,0,-43,-42,-42,-42,-41,-40,-40,-39,-39,-39,-39,-38,-38,-37,-36,-36,-36,-34,-34,-34,-34,-33,-32,0,0,0,0,0,0,-25,-25,-24,-22,-22,-22,-19,-17,-17,-16,-14,-13,-12,-10,-10,-7,-6,-5,-2,0,1,3,4,5,9,9,10,12,14,18,21,24,25,29,33,35,38,45,46,50,53,58,60,65,70,73,77,83,88,91,97,102,106,113,115,123,128,133,139,142,150,155,
-45,-45,-45,-45,-45,-45,0,0,0,0,0,0,-43,-43,-43,-43,-43,-42,-41,-41,-41,-40,-40,-40,-38,-37,-37,-37,-36,-36,-35,-35,-34,-34,0,0,0,0,0,0,0,-27,-25,-24,-22,-22,-22,-21,-18,-17,-16,-14,-13,-12,-10,-10,-8,-6,-6,-2,0,1,2,4,7,9,9,11,12,17,18,21,24,27,30,34,35,42,45,47,51,55,58,63,67,70,75,81,85,90,93,100,104,111,113,119,124,131,135,142,150,154,160,
-48,-48,-48,-46,-46,-46,0,0,0,0,0,0,-44,-44,-44,-44,-44,-44,-42,-42,-42,-41,-41,-41,-39,-39,-39,-37,-37,-37,-36,-35,-35,-35,0,0,0,0,0,0,0,-27,-26,-26,-23,-22,-22,-21,-20,-18,-15,-15,-14,-12,-11,-9,-9,-6,-5,-2,0,0,2,5,7,7,9,11,14,16,18,22,26,28,31,35,38,43,45,48,54,55,61,65,68,73,77,82,88,92,96,102,108,113,117,122,128,134,141,146,153,159,166,
-50,-49,-49,-48,-48,-47,0,0,0,0,0,0,-45,-44,-44,-44,-44,-44,-43,-43,-43,-43,-43,-41,-40,-40,-40,-39,-39,-38,-37,-37,-35,-35,0,0,0,0,0,0,-28,-28,-26,-26,-25,-23,-22,-21,-20,-18,-16,-15,-14,-13,-12,-10,-9,-5,-5,-4,-1,0,4,4,7,7,10,13,14,16,19,23,27,29,32,37,39,43,46,52,54,56,64,65,73,77,80,87,89,95,99,105,111,116,123,127,131,138,143,151,157,164,170,
-51,-51,-51,-50,-50,-49,0,0,0,0,0,0,-46,-46,-46,-45,-45,-45,-44,-43,-43,-43,-42,-42,-42,-42,-40,-40,-40,-39,-38,-38,-36,0,0,0,0,0,0,0,-29,-28,-28,-26,-26,-25,-23,-21,-21,-19,-18,-16,-14,-13,-12,-10,-8,-7,-4,-3,-1,1,4,4,7,8,12,13,14,18,21,25,26,31,34,38,40,45,48,53,57,61,64,71,74,79,85,87,94,99,104,109,114,121,125,132,138,142,150,157,162,168,175,
-52,-51,-51,-51,-51,-51,0,0,0,0,0,0,-47,-47,-46,-46,-46,-46,-45,-44,-44,-43,-43,-42,-42,-42,-42,-42,-41,-40,-39,-38,-38,0,0,0,0,0,0,-32,-30,-29,-28,-27,-26,-25,-25,-21,-20,-19,-18,-16,-14,-13,-12,-9,-8,-7,-5,-3,-1,3,4,5,7,10,11,14,14,20,22,25,28,33,35,39,44,47,50,56,59,63,67,73,75,83,85,93,96,102,107,111,118,123,129,136,142,149,153,159,167,176,181,
-53,-53,-53,-53,-53,-53,0,0,0,0,0,0,-48,-47,-47,-46,-46,-46,-45,-45,-44,-44,-43,-43,-43,-43,-43,-42,-42,-42,-41,-40,0,0,0,0,0,0,0,-32,-32,-30,-29,-27,-25,-25,-24,-23,-20,-19,-19,-17,-15,-12,-11,-10,-8,-7,-5,-2,0,2,4,5,10,10,12,14,17,20,23,26,31,34,35,43,45,48,53,57,62,66,71,76,80,84,91,93,100,104,112,117,123,128,136,139,148,152,161,167,173,181,187,
-53,-53,-53,-53,-53,-53,0,0,0,0,0,0,-52,-52,-49,-48,-47,-47,-44,-44,-44,-44,-44,-44,-44,-43,-43,-43,-43,-43,-42,0,0,0,0,0,0,0,-32,-32,-32,-31,-30,-28,-26,-25,-23,-23,-21,-19,-18,-17,-16,-12,-11,-10,-8,-6,-4,-1,0,2,4,8,10,10,12,17,18,22,24,29,32,35,39,43,45,53,54,61,64,68,74,78,84,89,93,99,103,110,114,123,126,133,137,147,153,158,167,172,180,187,195,
-53,-53,-53,-53,-53,-53,0,0,0,0,0,0,-53,-53,-53,-52,-49,-47,-46,-45,-45,-44,-44,-44,-44,-44,-44,-43,-43,-43,0,0,0,0,0,0,0,-34,-33,-33,-32,-32,-31,-29,-27,-25,-23,-23,-23,-20,-18,-17,-14,-13,-11,-10,-9,-5,-3,-2,1,2,6,8,10,11,15,18,18,23,26,28,34,38,41,45,50,54,59,62,66,72,76,83,86,93,97,103,108,113,121,126,132,139,144,151,156,166,172,178,187,194,199,
-56,-56,-54,-54,-53,-53,0,0,0,0,0,0,-53,-53,-52,-52,-50,-49,-48,-48,-46,-46,-46,-44,-44,-44,-44,-44,-44,0,0,0,0,0,0,0,-34,-34,-34,-33,-33,-32,-32,-29,-26,-25,-23,-23,-23,-20,-18,-15,-14,-13,-10,-9,-7,-4,-4,-2,1,5,7,8,12,14,15,17,21,25,28,31,36,38,43,48,52,57,61,65,71,74,81,85,91,95,103,107,113,118,125,131,138,144,151,159,165,171,177,185,195,202,208,
-57,-56,-56,-56,-56,-56,0,0,0,0,0,0,-52,-52,-52,-52,-51,-49,-49,-49,-48,-48,-47,-46,-46,-46,-44,-44,0,0,0,0,0,0,0,-37,-34,-34,-34,-34,-33,-33,-32,-32,-25,-25,-25,-23,-23,-21,-17,-15,-14,-13,-12,-8,-6,-5,-3,0,3,5,6,9,14,14,16,19,23,26,30,34,37,43,46,51,55,60,63,69,74,80,84,91,96,101,106,113,118,124,130,136,143,150,157,163,171,178,185,193,201,209,216,
-57,-57,-57,-57,-56,-56,0,0,0,0,0,0,-54,-54,-53,-51,-51,-50,-49,-49,-49,-48,-48,-48,-47,-46,-46,0,0,0,0,0,0,0,-39,-38,-37,-34,-34,-34,-34,-33,-33,-29,-25,-25,-25,-24,-22,-20,-16,-15,-15,-12,-11,-6,-6,-5,-2,2,3,5,7,13,14,15,19,22,25,29,33,36,41,45,48,55,57,64,67,73,78,83,88,93,100,105,110,117,122,131,136,143,150,155,163,170,176,185,194,201,210,218,226,
-59,-59,-57,-57,-57,-57,0,0,0,0,0,0,-55,-54,-53,-53,-52,-52,-51,-49,-49,-49,-48,-48,-48,0,0,0,0,0,0,0,0,-40,-39,-38,-38,-37,-34,-34,-34,-34,-31,-29,-26,-25,-25,-24,-22,-17,-17,-16,-14,-12,-8,-6,-6,-4,0,2,3,7,10,13,15,18,20,24,28,31,35,40,43,47,53,57,64,66,72,77,82,88,93,99,104,110,116,122,129,135,142,150,156,162,171,179,186,194,201,210,218,226,236,
-60,-59,-59,-59,-57,-57,0,0,0,0,0,0,0,-54,-54,-54,-52,-52,-52,-51,-51,0,0,0,0,0,0,0,0,0,0,-43,-41,-41,-40,-38,-38,-37,-37,-34,-34,-33,-30,-29,-27,-25,-24,-24,-21,-17,-17,-15,-14,-11,-8,-5,-5,-2,1,3,4,10,10,14,17,19,22,26,29,33,39,43,46,51,56,61,65,73,75,82,86,92,97,103,110,115,123,129,135,141,150,157,162,171,180,187,194,202,211,220,229,236,246,
-60,-59,-59,-59,-59,0,0,0,0,0,0,0,0,0,0,0,0,0,0,0,0,0,0,0,0,0,0,0,-46,-46,-45,-43,-42,-40,-40,-40,-38,-37,-37,-34,-33,-32,-31,-29,-26,-25,-24,-23,-21,-16,-16,-14,-13,-8,-7,-6,-4,0,2,4,8,11,12,15,20,20,25,30,32,38,40,46,51,54,60,65,69,74,82,85,93,97,104,109,115,122,129,135,143,149,156,162,171,179,187,196,203,211,221,229,238,247,258,
-60,0,0,0,0,0,0,0,0,0,0,0,0,0,0,0,0,0,0,0,0,0,0,0,0,-48,-47,-47,-45,-45,-45,-44,-42,-41,-40,-39,-38,-38,-36,-35,-32,-31,-30,-28,-27,-25,-23,-22,-20,-16,-15,-14,-12,-8,-6,-5,-1,1,3,6,10,12,15,19,21,23,27,31,38,39,44,49,53,60,63,69,74,79,84,92,95,102,110,114,122,129,134,143,148,157,164,171,179,189,196,205,212,221,231,239,249,258,269,
-62,0,0,0,0,0,-59,-59,-57,-57,-57,-57,-57,-56,-55,-54,-54,-54,-54,-52,-51,-51,-50,-50,-50,-49,-48,-46,-46,-45,-44,-44,-42,-41,-41,-39,-39,-37,-36,-35,-33,-30,-29,-29,-27,-24,-23,-21,-20,-15,-15,-12,-10,-7,-5,-3,1,3,5,9,11,13,19,20,23,27,30,36,40,44,48,53,58,62,69,72,79,85,90,97,103,110,114,122,129,134,142,151,156,164,172,182,189,197,207,214,223,233,241,249,259,269,280,
-62,-61,-61,-61,-61,-61,-60,-59,-58,-57,-57,-57,-57,-56,-56,-56,-54,-53,-53,-52,-51,-51,-51,-51,-50,-48,-48,-48,-45,-45,-44,-44,-43,-42,-41,-38,-38,-37,-35,-34,-32,-30,-29,-29,-26,-23,-22,-20,-18,-15,-13,-12,-8,-5,-4,-1,2,5,6,10,13,17,20,22,27,29,35,37,42,48,52,59,62,68,73,79,84,89,97,103,108,115,121,129,136,143,151,157,166,173,182,190,199,207,217,224,234,244,254,263,273,284,293,
-64,-61,-61,-61,-60,-60,-60,-60,-60,-59,-58,-57,-56,-56,-55,-55,-55,-55,-53,-52,-52,-52,-51,-50,-50,-48,-48,-47,-47,-45,-44,-43,-43,-43,-40,-39,-38,-36,-34,-33,-32,-30,-29,-27,-25,-22,-21,-19,-17,-14,-13,-10,-6,-4,-3,1,4,6,9,13,16,19,22,27,29,33,38,42,46,51,57,61,67,72,79,83,90,98,102,109,117,122,129,137,143,150,158,166,173,182,191,199,209,217,227,236,245,255,265,275,285,296,307,
-64,-63,-62,-61,-60,-60,-60,-60,-60,-59,-57,-57,-56,-55,-55,-55,-55,-55,-53,-53,-52,-51,-51,-50,-50,-49,-47,-47,-47,-46,-43,-43,-42,-42,-39,-38,-37,-36,-33,-33,-32,-29,-27,-26,-24,-21,-20,-18,-17,-12,-11,-7,-5,-3,0,4,6,8,12,15,19,21,26,29,32,37,40,47,51,57,60,67,71,78,84,89,97,102,108,117,123,127,137,143,151,158,168,177,182,190,199,209,219,229,239,248,259,268,278,289,299,310,322,
-63,-62,-62,-62,-61,-60,-60,-59,-59,-58,-57,-57,-57,-57,-56,-55,-55,-54,-53,-52,-52,-52,-51,-51,-48,-48,-48,-47,-47,-46,-43,-42,-42,-41,-38,-37,-37,-34,-33,-33,-30,-28,-27,-24,-23,-19,-19,-17,-15,-11,-9,-6,-3,0,2,6,7,11,15,18,21,25,28,32,37,42,46,49,56,61,66,73,78,84,90,96,103,110,116,122,129,136,145,152,161,166,175,185,193,201,211,220,231,240,250,259,270,280,292,304,314,326,337,
-64,-62,-62,-61,-61,-60,-60,-59,-59,-59,-57,-57,-57,-57,-57,-56,-54,-53,-53,-53,-52,-52,-52,-51,-49,-48,-48,-47,-45,-45,-43,-42,-41,-39,-39,-37,-36,-34,-32,-31,-29,-28,-25,-23,-22,-19,-18,-14,-13,-9,-7,-4,-1,1,6,8,11,14,18,21,24,29,32,35,41,45,51,57,60,67,72,78,82,90,97,101,109,116,122,129,139,146,153,160,169,178,186,195,203,212,222,233,243,252,262,274,284,295,308,317,329,341,354,
-64,-63,-63,-62,-62,-62,-59,-59,-59,-59,-58,-58,-57,-56,-56,-55,-55,-54,-53,-53,-52,-51,-51,-51,-50,-49,-47,-46,-45,-44,-43,-41,-40,-39,-39,-36,-35,-34,-31,-30,-28,-25,-23,-23,-20,-18,-14,-13,-10,-7,-6,-1,1,4,8,10,14,17,21,24,28,31,36,40,45,50,55,60,68,70,78,85,89,96,102,109,117,126,130,138,147,156,162,169,177,187,196,205,215,224,235,245,255,265,276,286,298,311,321,335,345,359,371,
-63,-63,-63,-63,-61,-61,-61,-60,-60,-58,-57,-57,-57,-56,-56,-55,-55,-55,-53,-53,-51,-51,-51,-49,-49,-49,-45,-45,-44,-43,-42,-41,-40,-39,-37,-35,-33,-33,-30,-28,-26,-25,-23,-21,-18,-16,-13,-10,-8,-6,-4,1,4,8,10,12,18,20,24,27,32,35,39,45,49,55,60,65,72,77,85,90,96,104,110,116,125,131,140,146,154,163,172,180,189,199,207,216,226,236,247,257,268,280,291,301,314,326,339,349,364,374,391,
-64,-64,-62,-62,-62,-61,-60,-59,-59,-58,-58,-57,-56,-56,-56,-56,-55,-54,-54,-53,-51,-50,-48,-48,-47,-47,-47,-44,-43,-42,-42,-40,-39,-37,-37,-34,-32,-30,-29,-27,-26,-23,-20,-19,-16,-13,-10,-9,-6,-3,0,3,7,10,14,18,19,24,26,33,35,41,43,51,54,61,64,72,80,83,91,99,104,111,118,125,132,140,148,156,165,173,181,189,198,209,218,229,239,251,262,272,282,293,306,318,330,342,356,369,382,395,410,
-64,-63,-63,-62,-61,-61,-61,-59,-59,-58,-57,-57,-57,-56,-55,-55,-55,-54,-52,-51,-50,-48,-48,-47,-47,-46,-46,-44,-43,-41,-40,-39,-38,-36,-35,-32,-30,-29,-28,-27,-23,-21,-19,-18,-13,-11,-10,-6,-3,-1,5,6,9,13,16,22,22,27,32,34,40,43,50,55,60,67,71,79,84,90,99,103,109,118,127,133,142,148,157,166,175,183,192,202,211,222,232,242,252,264,275,286,299,308,322,335,347,360,373,386,401,414,431,
-62,-62,-62,-62,-62,-62,-61,-60,-58,-57,-57,-56,-56,-55,-53,-53,-53,-53,-53,-51,-49,-48,-47,-46,-46,-45,-45,-45,-41,-40,-39,-38,-35,-34,-34,-31,-29,-29,-26,-24,-22,-19,-16,-15,-12,-8,-6,-4,1,3,6,10,13,16,22,22,30,31,38,40,47,49,56,60,67,73,78,86,92,98,105,112,120,128,135,142,149,159,168,177,186,196,205,215,226,236,245,255,265,279,291,302,312,328,339,351,367,379,393,407,421,435,451,
-63,-63,-62,-62,-62,-62,-62,-58,-55,-55,-54,-54,-54,-54,-54,-53,-53,-53,-53,-50,-47,-46,-46,-45,-45,-45,-45,-45,-39,-38,-36,-36,-35,-34,-30,-29,-27,-27,-26,-21,-18,-16,-16,-12,-8,-8,-5,1,2,5,10,12,19,21,24,27,32,37,40,46,50,56,61,66,74,79,86,92,98,105,113,119,128,137,145,153,161,168,177,186,195,205,214,227,238,249,258,271,281,293,306,319,331,343,357,371,384,399,413,428,443,458,474,
-63,-62,-62,-62,-61,-60,-57,-56,-56,-54,-54,-54,-54,-54,-54,-54,-51,-49,-48,-48,-47,-46,-46,-45,-45,-45,-42,-39,-36,-36,-36,-36,-35,-29,-28,-28,-27,-26,-18,-18,-18,-15,-10,-9,-8,0,0,3,8,10,11,19,20,26,27,33,36,41,46,50,56,62,67,74,80,86,94,99,106,115,123,129,135,143,152,162,171,181,191,200,209,220,229,241,251,263,274,285,298,312,321,336,350,361,377,390,405,420,435,451,466,482,497,
-62,-62,-61,-59,-59,-58,-57,-56,-56,-55,-53,-53,-53,-53,-51,-51,-50,-48,-48,-48,-47,-46,-46,-44,-41,-40,-39,-39,-36,-36,-35,-33,-30,-28,-28,-26,-23,-20,-18,-17,-15,-10,-10,-7,-3,0,3,8,9,13,17,21,26,29,32,38,41,46,53,55,63,68,74,81,86,94,102,107,114,122,131,138,147,155,163,173,182,191,203,212,222,233,243,254,266,279,290,301,315,328,341,355,368,381,397,410,425,443,456,473,491,509,524,
-61,-60,-59,-59,-57,-57,-56,-55,-55,-54,-54,-52,-51,-51,-50,-50,-49,-48,-47,-47,-46,-43,-42,-41,-40,-39,-38,-37,-34,-33,-32,-31,-29,-27,-24,-22,-21,-18,-15,-15,-11,-8,-6,-2,1,3,7,10,13,19,22,26,30,34,38,42,47,54,56,63,69,75,82,88,95,101,109,116,124,133,140,149,158,164,173,182,193,203,215,225,236,248,258,269,282,294,307,319,334,345,359,373,388,402,419,432,448,465,482,498,515,532,550,
-58,-58,-58,-57,-57,-56,-56,-56,-54,-52,-52,-52,-49,-49,-49,-48,-48,-46,-45,-43,-43,-41,-40,-40,-38,-37,-37,-35,-33,-31,-30,-29,-26,-24,-22,-20,-18,-16,-13,-11,-7,-5,-3,2,4,8,11,14,19,22,26,30,34,39,44,47,53,58,65,70,76,83,88,94,103,111,117,127,134,142,151,160,169,179,188,197,209,219,229,238,250,261,275,286,296,312,324,337,351,365,380,394,409,425,441,457,473,490,507,525,542,560,578,
-58,-57,-57,-57,-54,-54,-53,-53,-52,-51,-50,-50,-48,-48,-46,-46,-45,-44,-42,-41,-41,-40,-39,-38,-36,-36,-34,-33,-30,-28,-27,-25,-22,-21,-19,-17,-15,-13,-10,-7,-3,-1,4,5,8,12,15,20,23,28,31,37,40,45,49,55,59,65,71,77,84,91,96,104,112,120,128,135,143,152,161,170,179,189,199,209,220,232,242,255,266,277,290,303,315,328,342,357,372,386,401,415,432,448,464,481,498,516,534,552,571,590,609,
