-9,-7,-7,-7,-7,-7,-7,-5,-5,0,0,0,0,0,0,0,0,0,-5,-5,-5,-4,-4,-4,-4,-4,-4,-4,-3,-3,-3,-3,-3,-3,-3,-2,-2,-2,-2,-2,-1,1,2,2,2,3,3,5,5,6,7,8,8,9,11,11,11,12,14,14,15,17,18,19,20,20,23,23,25,28,29,30,32,35,36,36,39,40,44,46,47,50,52,54,56,59,62,63,
-9,-9,-9,-9,0,0,0,0,0,0,0,0,0,0,0,0,0,0,0,0,-5,-5,-5,-4,-4,-4,-4,-4,-4,-4,-3,-3,-3,-3,-3,-3,-3,-2,-2,-2,-2,-1,1,2,2,2,3,5,5,5,6,8,8,9,9,11,11,11,14,14,14,16,18,18,20,20,22,23,25,27,29,29,32,33,36,36,39,40,43,45,47,49,50,53,56,58,60,63,
-10,-10,0,0,0,0,0,0,0,0,0,0,0,-8,-8,-8,0,0,0,0,0,0,-5,-5,-5,-4,-4,-4,-4,-4,-4,-3,-3,-3,-3,-3,-3,-3,-2,-2,-2,-1,-1,1,2,2,2,3,5,5,5,7,8,8,9,10,11,11,11,14,14,15,17,18,19,20,21,23,23,26,28,29,30,33,35,36,39,40,42,44,47,49,50,52,56,57,60,63,
-10,0,0,0,0,0,0,0,0,-10,-9,-9,-9,-9,-9,-8,-8,-8,0,0,0,0,0,0,-5,-5,-5,-4,-4,-4,-4,-4,-3,-3,-3,-3,-3,-3,-3,-2,-2,-2,-1,-1,1,2,2,2,3,5,5,5,7,8,9,9,11,11,11,14,14,14,16,18,19,20,20,22,23,26,28,29,30,33,34,36,37,40,41,44,47,47,50,52,55,56,60,63,
-10,0,0,0,0,0,0,0,-10,-10,-10,-10,-10,-10,-9,-9,-9,-9,-8,-8,0,0,0,0,0,-7,-5,-5,-5,-4,-4,-4,-4,-4,-3,-3,-3,-3,-3,-3,-2,-2,-2,-1,-1,1,2,2,3,4,5,5,5,7,8,9,10,11,11,12,14,14,15,17,18,20,20,22,23,26,27,28,29,32,33,36,36,40,40,44,46,47,49,52,55,56,59,62,
-12,0,0,0,0,0,-10,-10,-10,-10,-10,-10,-10,-10,-10,-10,-10,-9,-9,-9,0,0,0,0,0,-8,-7,-7,-7,-6,-4,-4,-4,-4,-4,-3,-3,-3,-3,-3,-3,-3,-2,-2,-1,0,2,2,2,3,4,5,5,7,8,9,9,11,11,11,14,14,14,16,18,19,20,20,23,24,26,28,29,30,33,35,36,40,40,43,45,47,49,51,55,56,58,61,
-12,0,0,0,0,0,-12,-12,-11,-11,-11,-11,-10,-10,-10,-10,-10,-10,-10,-10,-9,0,0,0,0,0,-8,-8,-7,-7,-7,-6,-5,-4,-4,-4,-3,-3,-3,-3,-3,-3,-3,-2,-2,-1,0,2,2,2,3,5,5,5,7,8,9,10,11,11,12,14,14,15,18,18,20,20,22,24,26,28,29,30,33,34,36,38,40,42,44,47,49,51,53,56,58,61,
-12,0,0,0,0,-12,-12,-12,-12,-12,-12,-12,-11,-11,-11,-11,-11,-10,-10,-10,-10,0,0,0,0,0,0,-8,-8,-8,-7,-7,-7,-5,-5,-4,-4,-3,-3,-3,-3,-3,-3,-3,-2,-2,0,0,2,2,3,4,5,5,6,8,9,9,10,11,11,14,14,14,16,18,19,20,22,24,25,27,28,29,32,34,36,38,40,40,44,46,48,51,53,55,57,61,
-13,0,0,0,-12,-12,-12,-12,-12,-12,-12,-12,-12,-12,-12,-11,-11,-11,-11,-11,-11,-10,0,0,0,0,0,-8,-8,-8,-8,-8,-7,-7,-7,-5,-5,-4,-3,-3,-3,-3,-3,-3,-3,-2,-2,0,0,2,2,3,4,5,5,6,8,9,10,11,11,12,14,14,16,18,18,20,20,23,24,26,28,29,31,33,36,37,40,40,44,46,47,50,53,55,57,61,
-14,0,0,0,-13,-13,-13,-13,-13,-12,-12,-12,-12,-12,-12,-12,-12,-12,-11,-11,-11,-11,0,0,0,0,0,-9,-9,-8,-8,-8,-8,-8,-7,-7,-6,-5,-5,-3,-3,-3,-3,-3,-3,-3,-2,0,0,0,2,2,4,5,5,5,6,9,9,10,11,11,14,14,14,18,18,20,20,23,24,26,28,29,30,33,36,37,40,40,44,45,48,50,52,55,57,62,
0,0,0,-15,-15,-15,-15,-15,-14,-14,-13,-13,-13,-13,-12,-12,-12,-12,-12,-12,-11,-11,0,0,0,0,0,0,-10,-9,-8,-8,-8,-8,-8,-7,-7,-6,-5,-5,-4,-3,-3,-3,-3,-3,-3,-1,0,0,0,2,3,4,5,5,6,8,9,10,11,11,12,14,14,16,18,18,21,22,24,25,27,28,29,34,35,37,38,40,43,46,48,50,52,54,57,61,
0,0,0,-16,-16,-16,-16,-16,-15,-15,-15,-15,-15,-15,-13,-13,-13,-12,-12,-12,-12,-12,0,0,0,0,0,0,-11,-10,-9,-9,-8,-8,-8,-8,-8,-7,-6,-6,-5,-4,-4,-3,-3,-3,-3,-1,-1,0,0,1,2,4,4,5,5,6,9,9,10,11,12,14,14,14,18,18,21,22,23,25,27,28,29,33,35,37,38,40,41,46,47,49,52,54,58,61,
0,0,0,-16,-16,-16,-16,-16,-16,-16,-16,-16,-16,-16,-16,-15,-15,-15,-14,-13,-12,-12,0,0,0,0,0,0,-11,-11,-11,-10,-9,-8,-8,-8,-8,-8,-7,-6,-6,-5,-4,-4,-3,-3,-3,-2,-1,-1,0,0,2,2,4,5,5,6,7,9,10,11,11,13,14,14,18,19,20,21,23,24,26,28,30,33,35,36,38,40,42,46,47,49,52,55,57,60,
-16,-16,-16,-16,-16,-16,-16,-16,-16,-16,-16,-16,-16,-16,-16,-16,-16,-16,-16,-16,-15,0,0,0,0,0,0,0,-11,-11,-11,-11,-11,-9,-8,-8,-8,-8,-8,-8,-6,-6,-5,-4,-4,-3,-3,-2,-2,-1,0,0,0,2,4,4,5,5,6,9,9,10,11,12,14,14,15,19,19,21,22,24,25,28,30,31,35,35,38,40,42,46,46,49,52,55,57,60,
-19,-18,-18,-18,-17,-17,-16,-16,-16,-16,-16,-16,-16,-16,-16,-16,-16,-16,-16,-16,-16,0,0,0,0,0,0,0,-11,-11,-11,-11,-11,-11,-11,-9,-8,-8,-8,-8,-8,-6,-6,-6,-4,-4,-3,-2,-2,-2,-1,0,0,0,2,4,4,5,6,8,9,10,11,12,13,14,15,19,19,21,22,23,25,28,29,31,34,35,38,39,42,46,46,49,52,54,57,60,
-19,-19,-19,-19,-19,-19,-19,-19,-19,-18,-18,-17,-16,-16,-16,-16,-16,-16,-16,-16,0,0,0,0,0,0,0,-13,-11,-11,-11,-11,-11,-11,-11,-11,-9,-8,-8,-8,-8,-8,-6,-6,-5,-4,-3,-2,-2,-2,-2,-1,0,0,2,3,4,5,5,6,9,9,10,11,12,14,15,19,19,20,22,23,26,28,29,31,33,35,39,39,42,44,46,50,52,54,56,61,
-19,-19,-19,-19,-19,-19,-19,-19,-19,-19,-19,-19,-19,-19,-19,-19,-17,-16,-16,0,0,0,0,0,0,0,0,-14,-14,-13,-11,-11,-11,-11,-11,-11,-11,-10,-8,-8,-8,-8,-8,-6,-6,-5,-3,-3,-2,-2,-2,-2,0,0,0,2,4,4,5,6,8,9,10,11,12,14,15,16,19,19,22,22,26,27,29,31,33,36,37,39,43,44,47,50,51,55,57,61,
-20,-20,-20,-20,-20,-20,-20,-19,-19,-19,-19,-19,-19,-19,-19,-19,-19,-19,0,0,0,0,0,0,0,0,-16,-16,-15,-14,-14,-13,-12,-11,-11,-11,-11,-11,-11,-8,-8,-8,-8,-8,-6,-6,-4,-3,-2,-2,-2,-2,-1,0,0,0,3,4,5,5,8,9,9,10,12,14,15,16,19,19,21,23,26,27,28,30,33,36,37,39,43,45,47,49,51,56,57,61,
-21,-21,-20,-20,-20,-20,-20,-20,-20,-20,-20,-20,-19,-19,-19,-19,0,0,0,0,0,0,0,0,0,-16,-16,-16,-15,-15,-14,-14,-14,-13,-12,-11,-11,-11,-11,-11,-8,-8,-8,-8,-8,-6,-5,-4,-3,-2,-2,-2,-2,-1,0,0,2,4,4,5,7,8,9,10,13,13,15,15,19,19,21,23,24,27,29,30,33,35,36,39,43,45,47,48,53,56,57,60,
-22,-22,-22,-22,-21,-21,-21,-21,-21,-21,-20,-20,-20,-20,-20,0,0,0,0,0,0,0,0,0,0,-18,-18,-16,-16,-15,-15,-15,-14,-14,-13,-13,-11,-11,-11,-11,-11,-9,-8,-8,-8,-8,-5,-4,-3,-2,-2,-2,-2,-2,0,0,0,3,4,4,6,8,9,10,11,13,14,15,17,20,20,23,23,26,29,31,33,35,36,41,42,45,47,49,53,56,57,61,
-23,-23,-23,-23,-23,-23,-22,-22,-22,-22,-21,-21,-21,0,0,0,0,0,0,0,0,0,0,0,-19,-19,-19,-18,-18,-16,-15,-15,-15,-14,-14,-14,-13,-12,-11,-11,-11,-11,-9,-8,-8,-7,-7,-5,-4,-2,-2,-2,-2,-2,-1,0,0,3,4,5,6,8,8,10,11,13,14,15,17,20,20,23,23,27,29,31,33,35,38,40,42,45,47,50,53,55,58,62,
-23,-23,-23,-23,-23,-23,-23,-23,-23,-23,-23,0,0,0,0,0,0,0,0,0,0,0,-19,-19,-19,-19,-19,-19,-19,-17,-17,-16,-15,-15,-14,-14,-14,-13,-13,-11,-11,-11,-10,-9,-8,-7,-7,-7,-4,-3,-2,-2,-2,-2,-2,0,0,1,3,5,5,6,9,10,11,13,13,15,18,20,20,23,23,28,29,31,32,36,38,40,42,45,47,51,53,56,59,62,
-24,-24,-23,-23,-23,-23,-23,-23,-23,-23,0,0,0,0,0,0,0,0,0,0,0,-21,-21,-21,-19,-19,-19,-19,-19,-18,-18,-17,-16,-16,-15,-15,-14,-14,-13,-13,-11,-11,-11,-10,-9,-7,-7,-7,-6,-3,-2,-2,-2,-2,-2,-2,0,0,3,5,5,7,9,10,10,12,13,15,18,19,20,21,25,27,29,30,33,37,38,40,43,47,47,51,54,57,59,63,
-24,-24,-24,-24,-24,-24,-24,-24,0,0,0,0,0,0,0,0,0,0,0,-23,-23,-23,-22,-21,-21,-21,-20,-19,-19,-19,-18,-18,-17,-16,-16,-15,-15,-14,-14,-13,-13,-11,-11,-11,-9,-8,-7,-7,-7,-5,-3,-2,-2,-2,-2,-2,0,0,2,5,6,6,9,9,10,12,14,15,18,18,20,23,26,26,29,30,35,36,37,42,43,47,47,52,55,57,60,63,
-26,-26,-26,-26,-25,-25,-25,0,0,0,0,0,0,0,0,0,0,0,-23,-23,-23,-23,-23,-23,-22,-21,-21,-21,-20,-19,-18,-18,-18,-18,-16,-16,-16,-15,-14,-14,-13,-13,-11,-11,-10,-8,-8,-7,-7,-6,-4,-2,-2,-2,-2,-2,-2,0,1,3,6,6,8,9,10,13,14,14,18,18,21,23,26,26,29,30,35,36,39,42,44,46,49,52,55,58,60,64,
-26,-26,-26,-26,-26,-26,0,0,0,0,0,0,0,0,0,0,-24,-24,-24,-24,-24,-23,-23,-23,-23,-23,-23,-21,-21,-21,-19,-18,-18,-18,-18,-16,-16,-16,-15,-14,-14,-13,-12,-10,-10,-9,-8,-8,-7,-6,-5,-2,-2,-2,-2,-2,-2,1,2,4,6,6,8,9,9,11,13,15,17,19,21,24,26,26,30,32,35,37,40,42,44,48,49,53,57,58,62,66,
-27,-27,-27,-26,-26,0,0,0,0,0,0,0,0,0,0,-25,-25,-24,-24,-24,-24,-24,-24,-24,-23,-23,-23,-23,-23,-20,-20,-19,-19,-18,-18,-18,-16,-16,-16,-16,-14,-14,-12,-11,-10,-10,-9,-8,-7,-6,-6,-3,-2,-2,-2,-2,-2,-1,3,4,5,6,7,9,10,11,13,15,18,19,21,24,25,27,32,32,36,36,41,42,46,48,51,55,57,59,64,66,
-27,-27,-27,-27,0,0,0,0,0,0,0,0,0,-26,-26,-26,-26,-26,-26,-25,-24,-24,-24,-24,-24,-24,-24,-23,-23,-22,-20,-20,-20,-19,-19,-18,-17,-17,-16,-16,-15,-14,-13,-11,-11,-10,-9,-9,-8,-6,-6,-4,-3,-2,-2,-2,-2,0,3,4,4,6,7,9,10,11,14,16,18,20,22,25,26,28,31,33,36,38,41,43,46,49,52,55,58,61,64,68,
-27,-27,-27,0,0,0,0,0,0,0,0,0,-27,-27,-27,-27,-27,-26,-26,-26,-26,-26,-24,-24,-24,-24,-24,-24,-24,-22,-22,-21,-20,-20,-19,-19,-19,-17,-17,-16,-16,-15,-13,-12,-11,-11,-10,-9,-8,-7,-6,-4,-3,-2,-2,-2,-2,1,1,4,4,6,8,8,10,11,15,15,18,19,22,25,25,30,31,34,37,39,42,44,48,50,53,57,60,62,66,70,
-29,-29,0,0,0,0,0,0,0,0,-27,-27,-27,-27,-27,-27,-27,-27,-27,-27,-27,-26,-26,-26,-25,-24,-24,-24,-24,-23,-23,-22,-21,-21,-19,-19,-19,-18,-17,-17,-16,-14,-14,-12,-12,-11,-11,-9,-9,-7,-7,-4,-4,-3,-2,-2,0,1,1,4,4,5,8,8,10,13,14,15,18,21,23,24,27,31,31,34,39,40,43,47,48,52,55,58,60,64,67,71,
-32,-32,0,0,0,0,0,0,0,-28,-28,-28,-27,-27,-27,-27,-27,-27,-27,-27,-27,-27,-27,-27,-27,-25,-25,-24,-23,-23,-23,-23,-23,-21,-21,-19,-19,-18,-18,-17,-17,-15,-14,-13,-12,-12,-11,-10,-9,-8,-7,-4,-4,-3,-3,-1,1,1,1,3,5,5,8,8,11,13,14,16,19,21,23,25,29,31,31,37,38,40,45,47,49,54,56,60,63,65,69,74,
-32,-32,0,0,0,0,0,0,-31,-30,-29,-29,-29,-28,-28,-28,-28,-27,-27,-27,-27,-27,-27,-27,-27,-27,-26,-25,-24,-23,-23,-23,-23,-23,-22,-20,-19,-19,-18,-18,-17,-16,-14,-13,-13,-12,-11,-10,-9,-8,-6,-5,-4,-4,-2,-1,1,1,1,3,5,5,7,9,11,13,14,18,19,22,24,27,29,30,35,37,38,43,46,48,52,54,58,62,65,67,71,75,
-32,-32,0,0,0,0,0,0,-32,-32,-32,-32,-30,-30,-29,-29,-29,-29,-28,-28,-27,-27,-27,-27,-27,-27,-27,-25,-25,-25,-24,-23,-23,-23,-22,-22,-21,-19,-18,-17,-17,-17,-15,-14,-13,-13,-12,-10,-9,-9,-7,-5,-5,-3,-2,-1,1,1,3,3,4,6,7,9,11,14,16,19,19,23,24,28,29,34,35,39,41,44,47,50,52,57,59,64,66,70,73,78,
-34,0,0,0,0,0,0,-32,-32,-32,-32,-32,-32,-32,-31,-30,-29,-29,-29,-29,-29,-29,-28,-27,-27,-27,-27,-26,-25,-25,-25,-25,-23,-23,-23,-22,-21,-21,-18,-17,-17,-17,-16,-15,-13,-13,-13,-11,-9,-9,-7,-5,-4,-3,-3,0,1,2,3,3,4,7,7,11,11,15,16,19,21,24,26,29,31,34,36,41,42,45,50,51,55,58,62,65,69,72,77,79,
-34,0,0,0,0,0,0,-34,-34,-33,-32,-32,-32,-32,-32,-32,-30,-30,-30,-29,-29,-29,-29,0,0,0,-26,-26,-26,-25,-25,-25,-25,-25,-23,-22,-21,-21,-19,-18,-17,-17,-16,-15,-13,-13,-13,-11,-9,-9,-8,-5,-4,-4,-2,0,1,3,3,3,6,7,7,10,13,15,17,20,22,25,27,30,33,35,39,40,44,48,51,53,57,61,63,68,70,76,77,83,
-34,-34,0,0,0,0,0,-34,-34,-34,-34,-34,-34,-34,-34,-33,-32,-32,-30,-30,-29,-29,-29,0,0,0,-28,-27,-26,-25,-25,-25,-25,-25,-25,-22,-21,-19,-19,-19,-18,-17,-16,-15,-15,-13,-12,-11,-10,-8,-6,-6,-4,-3,-2,1,1,3,3,4,5,6,9,12,13,16,18,21,23,27,28,32,33,37,40,42,46,49,53,56,59,64,67,70,74,77,82,85,
-34,-34,0,0,0,0,0,-34,-34,-34,-34,-34,-34,-34,-34,-34,-34,-34,-33,-31,-30,-30,-29,0,0,-28,-28,-28,-28,-27,-25,-25,-25,-25,-25,-24,-22,-19,-19,-19,-19,-18,-16,-15,-15,-14,-11,-11,-11,-7,-6,-6,-4,-3,-1,1,2,2,4,5,5,8,11,12,14,17,20,21,25,27,31,33,35,39,42,45,48,51,55,58,61,65,69,74,75,80,84,89,
-35,-35,0,0,0,0,0,-34,-34,-34,-34,-34,-34,-34,-34,-34,-34,-34,-34,-33,-33,-31,0,0,0,-28,-28,-28,-28,-28,-26,-26,-25,-25,-25,-23,-23,-20,-19,-19,-19,-19,-17,-15,-15,-15,-12,-11,-10,-8,-6,-6,-5,-1,-1,0,2,3,5,5,6,10,11,14,16,19,21,23,26,30,31,35,38,40,45,46,51,54,58,60,65,69,73,75,80,83,88,93,
-37,-37,0,0,0,0,0,-35,-35,-35,-35,-35,-35,-34,-34,-34,-34,-34,-34,-34,-33,-32,0,0,0,-29,-28,-28,-28,-28,-27,-26,-26,-26,-24,-23,-22,-20,-20,-19,-19,-18,-17,-16,-15,-14,-12,-10,-9,-8,-7,-4,-4,-1,-1,2,3,3,5,6,9,10,11,15,16,20,22,25,27,30,34,37,39,43,46,49,52,57,60,63,67,72,76,79,84,87,92,95,
-37,-37,-37,0,0,0,0,-36,-36,-36,-35,-35,-35,-35,-35,-35,-35,-35,-34,-34,-33,0,0,0,0,-29,-29,-29,-29,-28,-28,-27,-26,-25,-25,-24,-21,-21,-20,-20,-20,-18,-17,-16,-16,-13,-11,-11,-9,-8,-6,-4,-3,-2,0,2,3,4,5,7,10,11,14,16,19,21,25,26,30,32,36,38,42,46,49,52,56,59,63,67,71,74,78,83,88,92,96,100,
-38,-38,-38,0,0,0,0,0,-36,-36,-36,-36,-36,-36,-35,-35,-35,-35,-35,-35,0,0,0,0,0,-29,-29,-29,-29,-29,-29,-27,-26,-25,-25,-24,-22,-21,-20,-20,-20,-19,-16,-16,-15,-12,-11,-10,-9,-6,-5,-5,-2,-1,1,2,3,5,5,9,11,12,16,18,20,24,25,29,32,35,38,41,44,47,52,54,58,62,67,70,73,78,83,87,92,96,100,106,
-38,-38,-38,-38,0,0,0,0,0,-38,-37,-36,-36,-36,-36,-36,-35,-35,-35,0,0,0,0,0,0,-30,-29,-29,-29,-29,-28,-27,-27,-25,-25,-23,-22,-22,-20,-20,-20,-19,-18,-14,-13,-13,-11,-10,-8,-5,-5,-4,-1,0,0,3,4,5,9,11,12,16,17,19,23,25,28,31,34,36,42,43,47,51,56,57,62,65,70,72,78,83,86,91,97,99,105,111,
-38,-38,-38,-38,-38,0,0,0,0,0,-38,-38,-37,-37,-37,-37,-36,-35,0,0,0,0,0,0,0,-31,-31,-29,-29,-28,-28,-27,-27,-27,-24,-23,-22,-22,-21,-20,-19,-18,-16,-14,-13,-13,-11,-8,-7,-6,-4,-3,-2,0,2,4,4,7,9,10,15,16,18,21,23,28,30,34,35,39,43,46,49,55,57,62,65,70,73,78,81,86,90,96,101,105,110,116,
-40,-40,-39,-38,-38,-38,-38,0,0,0,0,0,0,-37,-37,0,0,0,0,0,0,0,0,0,0,-31,-31,-31,-29,-28,-28,-27,-27,-26,-25,-23,-22,-22,-22,-21,-19,-16,-16,-15,-13,-12,-10,-7,-7,-5,-3,-3,-1,1,2,4,7,8,11,14,16,18,21,23,27,29,33,35,38,42,45,50,54,57,61,65,69,74,77,81,86,92,97,101,106,111,117,122,
-41,-41,-41,-41,-40,-40,-39,-38,0,0,0,0,0,0,0,0,0,0,0,0,0,0,0,-33,-32,-31,-30,-30,-30,-29,-29,-27,-27,-26,-24,-24,-22,-22,-22,-21,-18,-16,-15,-14,-13,-11,-8,-8,-6,-4,-4,-1,0,1,4,5,8,9,14,14,18,20,23,25,29,33,35,38,43,45,49,54,55,61,64,70,74,76,82,87,91,96,102,107,111,117,123,129,
-41,-41,-41,-41,-41,-40,-40,-40,-40,-40,-39,0,0,0,0,0,0,0,0,-35,-35,-35,-34,-34,-33,-30,-30,-30,-30,-29,-28,-28,-26,-26,-24,-23,-23,-22,-21,-19,-17,-16,-15,-13,-12,-10,-8,-7,-4,-4,-3,0,0,4,5,8,9,11,15,17,20,23,24,29,30,35,38,42,46,49,53,56,61,66,69,74,78,82,87,92,97,101,107,113,117,122,129,135,
-41,-41,-41,-41,-41,-40,-40,-40,-40,-39,-39,-39,-38,-38,-38,-35,-35,-35,-35,-35,-35,-35,-35,-33,-32,-31,-30,-30,-30,-30,-28,-27,-27,-25,-25,-23,-23,-22,-21,-17,-17,-16,-13,-13,-11,-7,-7,-7,-4,-3,-2,0,2,5,8,9,11,15,16,21,22,26,28,31,34,38,42,45,49,53,58,60,66,69,74,78,83,87,92,97,103,108,113,119,124,129,136,142,
-41,-41,-41,-41,-41,-41,-39,-39,-39,-39,-39,-39,-39,-39,-37,-37,-36,-36,-35,-35,-35,-34,-34,-34,-31,-31,-31,-30,-30,-30,-27,-27,-27,-25,-24,-22,-22,-22,-18,-17,-16,-15,-13,-11,-9,-7,-7,-5,-3,-2,0,2,4,7,8,11,14,16,20,22,26,27,31,34,38,42,45,49,52,57,61,65,69,74,79,83,89,95,99,104,110,115,121,127,133,138,143,148,
-42,-42,-42,-40,-40,-40,-39,-39,-39,-39,-39,-39,-38,-38,-38,-37,-36,-36,-36,-35,-34,-34,-34,-34,-31,-31,-31,-31,-29,-29,-27,-27,-26,-26,-23,-22,-21,-21,-18,-16,-16,-15,-10,-10,-9,-7,-5,-4,-3,-1,2,4,6,8,10,13,16,19,22,26,28,32,34,37,42,44,48,53,57,61,65,69,74,80,85,89,94,100,105,110,116,121,126,133,139,146,152,159,
-43,-42,-41,-41,-41,-40,-40,-40,-39,-39,-38,-38,-38,-38,-38,-38,-37,-35,-35,-35,-35,-35,-34,-33,-32,-31,-31,-30,-30,-28,-27,-26,-25,-24,-23,-21,-21,-18,-17,-16,-15,-12,-10,-9,-7,-5,-5,-3,-1,1,4,6,9,10,12,16,18,22,25,28,32,33,39,42,45,48,54,58,61,65,70,74,79,85,89,95,100,106,111,116,122,128,135,140,147,153,160,167,
-43,-43,-42,-42,-41,-40,-40,-40,-39,-39,-39,-38,-38,-38,-37,-37,-36,-36,-35,-35,-35,-35,-34,-32,-32,-30,-30,-30,-30,-29,-26,-25,-25,-24,-23,-20,-18,-18,-17,-15,-13,-11,-9,-8,-6,-5,-3,-2,0,3,5,9,10,13,15,19,22,25,28,32,33,39,40,45,49,53,57,62,66,70,75,80,86,91,95,100,107,113,118,125,131,137,142,148,157,164,170,177,
-43,-43,-42,-41,-41,-40,-40,-39,-39,-39,-39,-39,-38,-38,-37,-37,-36,-36,-35,-35,-35,-34,-34,-33,-31,-30,-30,-30,-29,-28,-26,-25,-23,-23,-21,-19,-18,-18,-15,-13,-12,-10,-8,-7,-5,-4,-2,0,3,4,9,9,13,14,19,21,25,27,32,34,38,41,46,48,54,57,61,67,72,75,81,86,90,96,100,106,113,119,125,131,137,144,150,158,164,172,179,186,
-43,-43,-41,-40,-40,-40,-40,-40,-38,-38,-38,-38,-38,-38,-38,-37,-36,-36,-36,-35,-34,-34,-33,-32,-32,-30,-30,-29,-28,-27,-26,-24,-22,-22,-20,-19,-17,-16,-14,-12,-11,-9,-7,-5,-5,-2,0,1,5,7,10,12,15,18,22,24,28,32,34,37,40,46,50,53,58,63,67,73,77,82,87,91,97,103,109,114,120,126,133,139,145,153,160,167,174,183,189,197,
-42,-42,-41,-40,-39,-39,-39,-39,-39,-39,-38,-38,-38,-38,-38,-37,-37,-37,-36,-33,-33,-33,-32,-32,-32,-30,-29,-28,-27,-26,-24,-23,-22,-21,-18,-18,-16,-14,-12,-11,-9,-7,-6,-5,-2,0,2,6,7,9,13,14,17,21,24,28,32,35,38,41,46,49,53,58,63,67,73,77,82,87,93,98,104,111,117,123,129,135,141,147,155,162,169,177,183,191,200,209,
-41,-41,-40,-40,-40,-40,-39,-39,-39,-39,-39,-38,-38,-38,-38,-37,-37,-35,-35,-34,-33,-32,-32,-31,-31,-30,-28,-26,-25,-25,-23,-23,-21,-20,-17,-17,-15,-12,-12,-10,-7,-7,-4,-3,-1,1,4,8,8,14,14,19,21,24,27,32,34,38,43,46,50,54,59,63,68,73,78,83,89,92,98,103,111,117,123,130,137,144,151,157,164,172,181,187,196,203,212,220,
-41,-41,-40,-40,-40,-40,-40,-40,-40,-39,-39,-38,-38,-38,-36,-36,-35,-35,-35,-35,-33,-31,-31,-31,-31,-28,-26,-25,-25,-25,-23,-21,-19,-17,-17,-15,-12,-12,-10,-7,-7,-5,-3,-1,0,4,7,10,13,14,18,21,24,28,31,34,39,43,46,51,55,58,64,70,73,77,83,88,94,101,106,113,119,124,131,137,144,153,160,166,174,182,191,198,208,214,224,233,
-41,-40,-40,-40,-40,-40,-40,-40,-40,-40,-39,-38,-37,-36,-35,-35,-35,-34,-34,-34,-32,-31,-31,-30,-28,-26,-26,-26,-25,-22,-20,-20,-18,-16,-15,-14,-11,-10,-9,-6,-5,-4,-1,1,5,7,10,13,14,18,20,24,28,32,36,39,44,46,50,56,61,65,70,74,79,85,91,97,102,109,115,121,128,134,140,148,154,162,170,176,185,193,200,212,218,228,238,246,
-40,-40,-40,-40,-40,-40,-39,-39,-39,-39,-39,-38,-36,-35,-34,-34,-34,-34,-34,-33,-31,-30,-28,-28,-27,-26,-26,-25,-21,-20,-20,-18,-17,-15,-13,-12,-10,-8,-6,-5,-3,-2,1,4,7,10,14,16,19,21,25,28,32,36,39,43,48,51,56,62,66,70,76,81,86,91,97,102,109,115,122,129,135,143,149,156,164,172,180,189,197,205,212,223,231,240,251,260,
-41,-40,-39,-39,-39,-39,-39,-39,-38,-38,-37,-36,-35,-35,-34,-34,-34,-33,-32,-31,-29,-29,-29,-27,-26,-25,-24,-22,-21,-19,-18,-18,-14,-13,-13,-9,-7,-6,-5,-4,-1,1,4,7,10,12,16,18,23,24,29,31,37,41,43,48,52,57,62,67,71,76,82,87,93,98,105,111,117,123,130,138,146,153,159,168,174,184,191,201,209,217,226,236,246,254,264,276,
-41,-40,-39,-39,-39,-38,-37,-37,-37,-37,-36,-36,-35,-35,-34,-33,-32,-31,-30,-29,-29,-29,-27,-26,-24,-23,-22,-21,-19,-18,-16,-15,-13,-13,-9,-8,-6,-5,-4,0,1,6,7,10,13,16,18,22,26,29,32,38,41,45,50,53,57,62,67,73,77,82,88,95,101,108,113,119,126,132,139,147,154,162,170,178,186,194,203,212,221,231,240,250,260,269,281,289,
-41,-39,-38,-37,-37,-37,-37,-37,-36,-35,-35,-35,-33,-33,-33,-32,-30,-30,-30,-28,-28,-26,-26,-24,-22,-21,-21,-21,-17,-16,-16,-13,-12,-9,-7,-7,-5,-3,0,3,5,9,10,14,17,20,22,27,29,34,37,42,45,50,54,59,64,66,72,78,85,89,95,102,108,115,122,128,135,142,149,157,165,172,180,189,199,205,216,225,235,245,255,262,274,287,297,307,
-39,-39,-38,-38,-37,-36,-36,-34,-34,-34,-34,-34,-33,-32,-31,-31,-29,-28,-27,-27,-26,-24,-24,-22,-21,-21,-20,-17,-16,-15,-13,-11,-8,-7,-7,-3,-3,0,4,4,8,10,14,19,20,23,26,30,35,37,42,47,51,56,60,65,69,75,80,86,92,98,104,110,116,122,131,138,144,151,160,167,176,184,192,203,210,220,230,240,248,260,269,280,292,303,313,325,
