-6,-6,-6,-6,-6,-6,-6,-6,-6,-6,-5,-5,-5,0,0,0,0,0,0,0,0,0,0,0,0,0,0,0,0,-3,-3,-3,-3,-3,-3,-3,-3,-3,-3,-3,-3,-2,-2,-2,-1,-1,-1,-1,1,1,1,3,3,3,4,3,3,4,4,6,6,7,7,8,9,10,11,10,11,13,14,14,15,17,17,19,21,23,23,23,24,27,28,29,32,33,34,37,37,39,41,43,45,46,49,50,52,55,57,59,60,63,
-7,-7,-7,-7,-7,-6,-6,-6,-6,-6,-6,-6,-7,0,0,0,0,0,0,0,0,0,0,0,0,0,0,0,0,-4,-3,-3,-3,-3,-3,-3,-3,-3,-3,-3,-3,-3,-2,-2,-2,-1,-1,-1,-1,1,1,1,3,3,4,3,3,4,4,6,6,6,7,8,8,9,10,11,11,12,14,14,15,16,17,18,20,21,23,24,25,28,29,29,30,33,34,37,37,39,41,44,46,47,49,51,53,56,57,59,61,64,
-8,-8,-8,-8,-8,-8,-8,-8,-8,-8,-7,-7,-7,-7,-7,-7,-7,0,0,0,0,0,0,0,0,-4,-4,-4,-4,-4,-4,-4,-3,-3,-3,-3,-3,-3,-3,-3,-3,-3,-3,-3,-2,-2,-2,-1,-1,-1,1,1,1,3,3,4,3,3,4,4,6,6,7,7,8,8,10,11,11,11,14,15,15,16,17,18,20,21,23,24,25,27,28,29,30,33,35,37,38,39,41,45,46,48,50,51,52,56,58,60,62,65,
-9,-9,-9,-8,-8,-8,-8,-8,-8,-8,-8,-8,-8,-8,-8,-7,-7,-7,0,0,0,0,0,0,-7,-7,-6,-6,-6,-4,-4,-4,-4,-4,-3,-3,-3,-3,-3,-3,-3,-3,-3,-3,-3,-2,-2,-2,-1,-1,-1,1,1,2,3,3,4,4,3,4,5,6,6,7,8,8,9,10,11,11,13,15,15,16,17,18,20,22,23,25,25,26,29,30,30,33,34,36,38,39,41,44,46,48,49,52,53,57,59,60,63,64,
-10,-10,-9,-9,-9,-9,-9,-9,-9,-9,-9,-9,-8,-8,-8,-8,-8,-8,0,0,0,0,0,0,-7,-7,-7,-7,-7,-6,-6,-6,-4,-4,-4,-4,-3,-3,-3,-3,-3,-3,-3,-3,-3,-3,-2,-2,-2,-1,-1,0,1,1,2,3,3,4,4,4,5,5,6,6,7,8,8,10,11,11,12,14,15,16,17,18,19,22,23,24,25,26,29,30,31,34,35,37,39,40,41,45,46,48,50,53,54,57,60,61,64,65,
-10,-10,-10,-10,-10,-10,-10,-10,-9,-9,-9,-9,-9,-9,-9,-9,-9,-9,0,0,0,0,0,0,-7,-7,-7,-7,-7,-7,-7,-7,-6,-6,-5,-4,-4,-3,-3,-3,-3,-3,-3,-3,-3,-3,-3,-3,-2,-2,-1,-1,0,1,1,2,3,4,4,4,5,5,7,7,8,8,9,10,11,12,12,14,16,16,17,18,20,22,23,25,26,27,29,31,32,34,36,38,40,41,42,46,47,49,51,53,55,58,59,62,65,65,
-10,-10,-10,-10,-10,-10,-10,-10,-10,-10,-10,-10,-10,-10,-10,-9,-9,-9,0,0,0,0,0,0,-8,-8,-7,-7,-7,-7,-7,-7,-7,-7,-7,-6,-6,-4,-4,-3,-3,-3,-3,-3,-3,-3,-3,-3,-3,-2,-2,-1,-1,0,1,2,3,3,4,4,4,5,6,7,7,8,9,9,11,12,12,14,16,16,17,18,19,21,23,24,26,27,28,31,31,34,35,38,38,41,42,46,47,48,51,52,56,58,59,62,65,66,
-12,-12,-12,-12,-10,-10,-10,-10,-10,-10,-10,-10,-10,-10,-10,-10,-10,-10,0,0,0,0,0,0,-9,-9,-9,-9,-8,-7,-7,-7,-7,-7,-7,-7,-7,-6,-6,-4,-4,-3,-3,-3,-3,-3,-3,-3,-3,-3,-2,-2,-1,-1,0,1,2,3,3,4,4,5,5,6,7,8,8,9,10,11,12,13,14,16,17,17,18,20,23,24,26,27,27,30,31,33,35,38,38,41,41,45,47,49,52,53,57,59,60,63,66,67,
-12,-12,-12,-12,-12,-12,-12,-12,-12,-12,-11,-11,-11,-11,-10,-10,-10,-10,0,0,0,0,0,0,-10,-9,-9,-9,-9,-9,-8,-7,-7,-7,-7,-7,-7,-7,-7,-6,-6,-4,-3,-3,-3,-3,-3,-3,-3,-3,-3,-2,-2,-1,-1,0,2,2,3,4,4,4,5,6,7,7,8,9,9,11,12,12,14,16,16,17,18,20,23,24,25,26,27,29,31,33,36,37,39,42,42,45,47,49,52,54,58,59,60,64,65,69,
-13,-13,-13,-12,-12,-12,-12,-12,-12,-12,-12,-12,-12,-12,-12,-11,-11,-11,0,0,0,0,0,0,-10,-10,-10,-10,-9,-9,-9,-9,-9,-8,-7,-7,-7,-7,-7,-7,-6,-6,-5,-3,-3,-3,-3,-3,-3,-3,-3,-3,-2,-2,-1,-1,0,2,2,3,4,4,4,5,6,7,8,9,9,10,11,12,13,14,16,17,18,21,22,23,25,27,28,30,33,34,35,37,39,43,44,46,48,50,53,56,58,60,61,65,67,70,
-14,-14,-14,-14,-14,-14,-14,-14,-13,-12,-12,-12,-12,-12,-12,-12,-12,-12,0,0,0,0,0,0,-11,-11,-10,-10,-10,-10,-10,-10,-9,-9,-8,-8,-7,-7,-7,-7,-7,-7,-6,-6,-4,-3,-3,-3,-3,-3,-3,-3,-3,-2,-2,-1,0,2,2,3,3,4,4,5,5,6,7,8,9,9,11,12,13,14,16,17,18,20,22,24,25,27,28,29,34,34,36,37,40,41,45,47,49,51,53,56,59,61,62,66,69,71,
-15,-15,-15,-14,-14,-14,-14,-14,-14,-14,-14,-14,-14,-14,-14,-13,-13,-13,0,0,0,0,0,0,-12,-12,-12,-12,-12,-12,-11,-11,-11,-11,-10,-10,-9,-8,-7,-7,-7,-7,-7,-7,-6,-5,-3,-3,-3,-3,-3,-3,-3,-3,-2,-1,-1,1,2,2,3,4,4,4,5,6,7,8,9,9,10,12,13,15,16,18,18,20,22,24,26,27,29,29,34,34,37,38,41,42,45,48,50,52,54,57,60,62,63,68,70,72,
-16,-15,-15,-15,-15,-15,-15,-15,-15,-15,-15,-15,-15,-15,-14,-14,-14,-14,0,0,0,0,0,0,-13,-13,-13,-12,-12,-12,-12,-12,-12,-11,-11,-11,-10,-9,-9,-8,-8,-7,-7,-7,-7,-6,-6,-3,-3,-3,-3,-3,-3,-3,-3,-2,-1,0,1,2,3,3,4,4,5,5,6,8,8,9,11,12,13,14,15,17,19,21,22,24,26,26,29,31,34,35,37,38,42,43,46,48,50,53,55,58,61,63,65,69,71,74,
-16,-16,-16,-16,-16,-16,-15,-15,-15,-15,-15,-15,-15,-15,-15,-15,-15,-15,0,0,0,0,0,0,-14,-13,-13,-13,-13,-13,-12,-12,-12,-12,-12,-11,-11,-11,-9,-9,-9,-8,-8,-7,-7,-7,-6,-6,-3,-3,-3,-3,-3,-3,-3,-3,-2,0,1,1,2,3,3,4,4,5,6,8,9,10,10,11,13,14,16,18,20,21,22,24,27,27,31,31,34,36,38,38,43,44,47,48,50,55,56,59,61,65,66,71,72,76,
-19,-18,-18,-18,-18,-17,-17,-16,-16,-16,-16,-16,-15,-15,-15,-15,-15,-15,0,0,0,0,0,0,-15,-15,-15,-14,-14,-13,-13,-13,-12,-12,-12,-12,-12,-12,-11,-10,-9,-9,-8,-8,-8,-7,-7,-7,-6,-3,-3,-3,-3,-3,-3,-3,-3,-1,0,1,2,2,3,4,4,5,6,7,9,9,10,11,13,14,16,18,20,21,23,25,27,27,31,32,35,36,39,40,44,44,48,49,52,56,57,60,63,66,67,71,74,77,
-19,-19,-19,-19,-19,-19,-19,-19,-19,-19,-19,-18,-17,-17,-17,-17,-17,-16,0,0,0,0,0,0,-15,-15,-15,-15,-15,-15,-15,-14,-13,-13,-12,-12,-12,-12,-12,-12,-10,-10,-9,-9,-8,-7,-7,-7,-7,-6,-3,-3,-3,-3,-3,-3,-3,-2,0,0,1,2,3,3,5,5,6,7,8,9,11,12,13,14,16,18,21,21,22,23,27,29,30,33,34,37,40,41,45,45,48,51,53,56,58,61,64,67,69,73,75,80,
-19,-19,-19,-19,-19,-19,-19,-19,-19,-19,-19,-19,-19,-19,-19,-19,-19,-19,0,0,0,0,0,0,-16,-16,-16,-16,-15,-15,-15,-15,-15,-15,-13,-13,-12,-12,-12,-12,-11,-11,-10,-9,-9,-8,-7,-7,-7,-7,-6,-4,-3,-3,-3,-3,-3,-2,-2,0,1,2,2,4,5,5,6,7,7,10,11,11,12,15,17,18,20,21,23,24,27,30,30,33,34,37,40,41,46,46,49,52,54,57,59,63,65,68,72,74,76,81,
-19,-19,-19,-19,-19,-19,-19,-19,-19,-19,-19,-19,-19,-19,-19,-19,-19,-19,0,0,0,0,0,0,-18,-16,-16,-16,-16,-16,-16,-16,-15,-15,-15,-15,-14,-13,-12,-12,-12,-11,-11,-10,-10,-9,-8,-7,-7,-7,-7,-6,-4,-3,-3,-3,-2,-2,-2,-1,0,1,3,4,4,5,6,7,8,10,10,11,13,14,17,18,20,22,22,25,28,30,30,34,35,38,41,42,46,48,50,53,55,57,61,64,66,70,74,75,78,83,
-22,-22,-22,-21,-21,-20,-20,-20,-19,-19,-19,-19,-19,-19,-19,-19,-19,-19,0,0,0,0,0,0,-19,-19,-19,-18,-18,-16,-16,-16,-16,-16,-16,-15,-15,-15,-14,-13,-12,-11,-11,-11,-11,-10,-9,-7,-7,-7,-7,-7,-6,-4,-3,-3,-2,-2,-2,-2,0,1,3,3,4,5,6,7,8,8,11,12,13,14,17,19,20,22,23,26,28,31,31,34,37,39,41,43,45,49,51,55,56,59,62,65,68,71,75,76,81,84,
-22,-22,-22,-22,-22,-22,-22,-22,-22,-22,-21,-20,-20,-20,-20,-20,-20,-19,0,0,0,0,0,0,-19,-19,-19,-19,-19,-19,-18,-17,-17,-16,-16,-16,-16,-15,-15,-15,-13,-11,-11,-11,-11,-11,-10,-8,-7,-7,-7,-7,-7,-6,-4,-3,-2,-2,-2,-2,-1,1,3,3,4,5,6,7,7,9,11,11,14,15,17,19,20,23,24,28,28,31,32,36,38,40,41,45,47,50,51,56,58,60,64,67,69,72,76,79,82,86,
-22,-22,-22,-22,-22,-22,-22,-22,-22,-22,-22,-22,-22,-22,-22,-22,-21,-20,0,0,0,0,0,0,-19,-19,-19,-19,-19,-19,-19,-19,-19,-18,-17,-17,-16,-16,-16,-15,-15,-14,-12,-11,-11,-11,-11,-10,-8,-7,-7,-7,-7,-6,-5,-3,-2,-2,-2,-1,-1,1,2,3,4,5,6,6,8,9,10,12,14,15,18,20,20,24,25,28,29,32,33,37,38,41,42,47,48,50,53,57,59,61,66,69,70,74,78,82,83,88,
-24,-23,-23,-23,-23,-23,-22,-22,-22,-22,-22,-22,-22,-22,-22,-22,-22,-22,0,0,0,0,0,0,-20,-20,-20,-19,-19,-19,-19,-19,-19,-19,-19,-18,-17,-17,-16,-16,-15,-15,-13,-12,-11,-11,-11,-11,-10,-8,-7,-7,-7,-7,-5,-3,-2,-2,-2,-1,-1,-1,1,4,4,5,6,7,8,9,10,13,14,16,17,20,21,24,25,29,29,34,34,38,39,41,44,47,49,51,55,58,60,64,67,71,73,77,79,83,86,90,
-26,-26,-26,-25,-25,-25,-25,-25,-24,-23,-23,-23,-23,-23,-23,-23,-22,-22,0,0,0,0,0,0,-22,-21,-20,-20,-20,-20,-19,-19,-19,-19,-19,-19,-19,-18,-17,-17,-16,-15,-14,-13,-13,-11,-11,-11,-10,-10,-8,-7,-7,-7,-7,-4,-3,-2,-1,-1,-1,-1,1,3,4,5,6,7,8,9,11,13,15,16,17,21,22,24,27,27,31,33,36,37,40,43,45,48,50,54,56,59,63,66,68,74,74,78,83,85,88,93,
-27,-27,-27,-27,-27,-27,-26,-26,-26,-25,-25,-25,-25,-25,-25,-25,-23,-23,0,0,0,0,0,0,-22,-22,-22,-22,-21,-20,-20,-20,-19,-19,-19,-19,-19,-19,-19,-17,-17,-16,-14,-14,-13,-13,-12,-11,-10,-10,-10,-8,-7,-7,-7,-5,-4,-3,-1,-1,-1,-1,1,3,4,5,6,7,8,10,11,13,14,16,18,21,23,23,28,28,31,34,36,38,41,44,45,50,52,55,57,61,64,67,70,75,76,81,84,88,91,95,
-28,-27,-27,-27,-27,-27,-27,-27,-27,-27,-27,-27,-26,-26,-26,-25,-25,-25,0,0,0,0,0,0,-23,-23,-23,-23,-22,-22,-22,-21,-20,-20,-19,-19,-19,-19,-19,-19,-19,-17,-15,-15,-13,-13,-13,-12,-10,-10,-10,-10,-8,-7,-6,-5,-4,-2,-2,-1,-1,0,1,2,4,5,6,7,8,10,12,13,14,17,19,22,23,25,27,30,32,35,37,40,42,45,47,51,53,56,59,63,66,69,72,76,80,82,85,91,93,99,
-29,-29,-29,-29,-28,-27,-27,-27,-27,-27,-27,-27,-27,-27,-27,-27,-27,-27,0,0,0,0,0,0,-24,-23,-23,-23,-23,-23,-23,-23,-22,-21,-20,-19,-19,-19,-19,-19,-19,-19,-16,-15,-15,-13,-13,-13,-11,-10,-10,-10,-10,-8,-6,-5,-5,-3,-2,-1,0,0,1,2,4,5,6,7,9,11,11,12,15,18,20,20,24,25,29,30,33,34,39,40,44,47,48,53,54,58,61,64,68,71,73,79,81,86,88,92,96,100,
-30,-30,-30,-29,-29,-29,-29,-29,-28,-28,-28,-27,-27,-27,-27,-27,-27,-27,0,0,0,0,0,0,-26,-25,-25,-23,-23,-23,-23,-23,-23,-23,-23,-22,-20,-19,-19,-19,-19,-19,-18,-17,-15,-14,-14,-13,-12,-11,-10,-10,-10,-9,-6,-5,-4,-4,-3,-2,0,0,1,2,3,5,6,8,10,11,11,13,16,18,20,21,25,27,29,31,34,36,40,42,46,47,50,55,56,61,62,66,70,73,77,80,83,88,90,96,99,103,
-32,-32,-32,-31,-31,-31,-30,-30,-30,-29,-29,-28,-28,-28,-28,-28,-27,-27,0,0,0,0,0,0,-27,-27,-26,-26,-25,-24,-23,-23,-23,-23,-23,-23,-23,-21,-19,-19,-19,-19,-18,-18,-17,-15,-14,-14,-12,-12,-11,-10,-10,-9,-9,-5,-4,-4,-3,-1,0,1,2,2,3,5,7,9,9,10,12,15,17,18,21,22,27,27,30,32,36,37,41,44,47,49,53,56,58,63,64,68,72,76,78,83,86,90,94,98,103,105,
-32,-32,-32,-32,-32,-32,-32,-32,-32,-31,-31,-31,-31,-31,-30,-28,-28,-28,0,0,0,0,0,0,-27,-27,-27,-27,-27,-26,-26,-23,-23,-23,-23,-23,-23,-23,-22,-20,-19,-18,-18,-18,-17,-17,-14,-14,-14,-12,-12,-10,-9,-9,-9,-7,-4,-4,-4,-2,-1,1,2,2,3,6,7,9,9,11,13,15,17,19,21,24,27,28,33,34,37,37,43,45,47,51,55,57,60,64,66,71,74,78,80,85,89,93,98,101,106,110,
-33,-33,-33,-33,-33,-33,-33,-32,-32,-32,-32,-32,-32,-32,-32,-30,-30,-30,0,0,0,0,0,0,-27,-27,-27,-27,-27,-27,-27,-26,-25,-24,-23,-23,-23,-23,-23,-22,-22,-19,-18,-18,-17,-17,-16,-14,-14,-13,-12,-12,-9,-9,-8,-8,-4,-4,-4,-2,-1,2,2,2,3,5,8,8,10,12,15,15,18,19,24,24,28,30,33,35,37,41,44,45,50,52,57,59,62,66,69,73,77,80,85,87,92,95,100,104,109,114,
-34,-34,-34,-34,-33,-33,-33,-33,-33,-33,-33,-33,-32,-32,-32,-32,-32,-31,0,0,0,0,0,0,-30,-29,-28,-27,-27,-27,-27,-27,-27,-26,-24,-24,-23,-23,-23,-23,-22,-21,-19,-18,-18,-17,-16,-16,-14,-13,-12,-11,-11,-9,-8,-7,-7,-4,-3,-3,-1,2,2,3,4,6,7,9,11,13,15,16,18,22,24,25,29,31,33,35,40,42,44,48,51,54,59,60,65,68,73,75,79,83,86,91,94,100,102,107,111,116,
-35,-34,-34,-34,-34,-34,-34,-34,-34,-34,-34,-33,-33,-33,-33,-33,-33,-32,0,0,0,0,0,0,-30,-30,-30,-30,-28,-28,-27,-27,-27,-27,-26,-25,-24,-24,-23,-23,-21,-21,-21,-19,-18,-17,-16,-16,-16,-13,-12,-11,-11,-10,-8,-7,-7,-5,-3,-3,0,1,2,4,4,5,7,10,11,13,15,16,19,22,24,26,30,32,35,38,41,43,47,50,53,57,59,63,66,71,75,76,82,86,90,94,99,103,108,111,116,120,
-36,-36,-36,-36,-35,-35,-35,-34,-34,-34,-34,-34,-34,-34,-34,-34,-33,-33,0,0,0,0,0,0,-31,-31,-31,-30,-30,-29,-29,-28,-27,-27,-27,-26,-25,-25,-24,-23,-22,-21,-21,-21,-20,-17,-16,-16,-16,-15,-12,-11,-11,-11,-8,-7,-7,-5,-3,-2,-1,0,4,4,5,5,9,10,13,13,16,17,21,23,24,29,30,33,37,39,43,45,48,52,55,58,62,66,69,73,78,81,84,89,93,97,102,106,112,116,120,125,
-39,-38,-38,-37,-36,-36,-36,-36,-36,-35,-35,-35,-35,-34,-34,-34,-34,-34,0,0,0,0,0,0,-31,-31,-31,-31,-31,-31,-30,-29,-29,-28,-27,-26,-26,-25,-25,-23,-23,-21,-21,-21,-21,-19,-16,-16,-16,-14,-14,-12,-11,-10,-10,-7,-7,-5,-4,-2,-1,1,4,4,5,6,9,10,12,15,16,19,21,24,26,30,31,35,38,40,44,46,51,54,58,60,63,69,71,76,80,84,88,92,96,101,104,111,114,120,126,128,
-39,0,0,-39,-39,-39,-38,-37,-37,-37,-37,-36,-36,-36,-35,-35,-35,-35,0,0,0,0,0,0,-33,-31,-31,-31,-31,-31,-31,-31,-29,-29,-29,-29,-26,-26,-25,0,0,-23,-21,-21,-21,-20,-18,-16,-15,-14,-14,-14,-11,-10,-9,-8,-7,-5,-4,-1,0,1,4,5,6,8,8,11,13,15,18,19,22,25,26,31,33,37,39,43,46,49,53,56,60,62,67,70,75,77,83,87,91,95,101,105,109,114,118,124,128,134,
-41,0,0,-39,-39,-39,-39,-39,-39,-39,-39,-38,-38,-37,-37,-37,-37,-35,0,0,0,0,0,0,-33,-33,-33,-32,-31,-31,-31,-31,-31,-30,-30,-29,-28,-26,-24,0,0,-24,-22,-22,-21,-21,-18,-17,-15,-14,-14,-14,-11,-10,-9,-9,-7,-5,-4,-1,0,2,3,6,6,8,10,12,14,15,17,22,22,26,29,32,34,38,41,45,47,52,54,58,62,66,69,74,78,81,85,90,95,99,105,109,114,118,124,129,133,140,
-41,0,0,0,-41,-41,-40,-39,-39,-39,-39,-39,-39,-39,-39,-38,-38,-38,0,0,0,0,0,0,-34,-34,-33,-33,-32,-32,-32,-31,-31,-31,-30,-30,-28,-27,0,0,0,-24,-24,-22,-22,-21,-17,-17,-17,-14,-14,-14,-12,-10,-9,-9,-8,-4,-2,-2,1,2,5,6,7,9,11,13,14,18,19,22,25,29,29,34,36,40,44,46,51,53,57,60,65,68,72,76,81,84,89,94,99,103,108,112,119,124,128,135,139,144,
-42,0,0,0,-41,-41,-41,-41,-41,-41,-41,-39,-39,-39,-39,-39,-39,-38,0,0,0,0,0,0,-34,-34,-34,-34,-33,-33,-32,-32,-32,-31,-31,-30,-30,-28,0,0,0,-24,-24,-23,-22,-21,-18,-17,-17,-15,-14,-14,-12,-11,-9,-9,-8,-3,-2,-2,1,3,4,6,8,11,11,13,17,18,20,25,25,29,32,36,38,42,45,48,52,56,59,64,67,73,75,80,83,90,94,98,102,107,113,117,122,128,133,139,145,150,
-42,0,0,0,-42,-42,-42,-42,-42,-41,-41,-41,-41,-41,-41,-40,-39,-38,0,0,0,0,0,0,-36,-36,-35,-34,-34,-34,-33,-32,-32,-32,-32,-31,-29,-28,0,0,-25,-25,-24,-23,-23,-20,-19,-17,-17,-16,-15,-13,-12,-12,-9,-9,-6,-4,-2,-2,2,3,4,7,10,11,12,15,17,19,23,25,27,32,33,38,40,43,48,50,55,58,62,66,70,74,79,83,88,94,97,103,107,112,118,122,127,133,140,145,150,156,
-43,-43,0,0,0,-42,-42,-42,-42,-42,-42,-42,-42,-42,-42,-41,-40,-40,0,0,0,0,0,0,-37,-37,-36,-36,-36,-34,-34,-34,-32,-32,-32,-31,-29,0,0,0,-25,-25,-25,-24,-22,-20,-19,-18,-17,-16,-15,-14,-12,-12,-10,-8,-6,-4,-2,0,2,4,4,9,11,11,14,15,17,21,24,27,31,32,37,39,44,46,51,54,57,62,66,69,75,78,83,87,92,96,101,106,112,117,123,127,132,139,145,151,156,162,
-46,-45,0,0,0,0,-43,-43,-43,-42,-42,-42,-42,-42,-42,-41,-41,-41,0,0,0,0,0,0,-37,-37,-37,-37,-36,-36,-35,-35,-34,-32,-31,-31,0,0,0,0,-26,-25,-25,-24,-21,-21,-20,-18,-18,-16,-14,-14,-12,-12,-9,-8,-5,-3,-1,0,2,5,7,10,11,14,14,15,20,22,25,28,31,36,38,43,45,50,53,58,60,66,69,73,76,82,87,91,96,100,105,112,116,122,127,133,138,144,151,157,165,170,
-46,-46,0,0,0,0,0,-44,-43,-43,-43,-43,-43,-41,-41,-41,-41,-41,0,0,0,0,0,0,-37,-37,-37,-37,-37,-36,-36,-35,-35,-34,-31,0,0,0,0,0,-28,-25,-24,-24,-22,-21,-20,-18,-18,-16,-14,-14,-13,-10,-8,-7,-5,-2,-2,0,4,6,7,11,13,14,16,18,21,24,28,31,34,37,40,44,48,51,56,59,64,69,73,77,81,86,90,96,102,106,111,117,122,127,132,140,146,152,158,164,171,178,
-47,-47,0,0,0,0,0,0,0,-46,-45,-44,-43,-42,-42,-42,-41,-41,0,0,0,0,0,0,-39,-39,-38,-37,-37,-37,-36,-36,-34,0,0,0,0,0,0,0,-29,-24,-24,-23,-22,-22,-20,-18,-18,-16,-14,-13,-12,-9,-8,-7,-4,-2,-2,2,4,6,10,11,14,15,17,20,23,25,29,33,36,40,43,47,52,54,59,64,66,71,77,81,86,89,96,101,105,111,116,122,128,133,139,145,152,159,165,171,179,186,
-47,-47,0,0,0,0,0,0,0,0,0,0,0,0,0,0,0,0,0,0,0,0,0,0,0,0,0,0,0,0,0,0,0,0,0,0,0,0,0,0,-28,-27,-24,-23,-22,-22,-20,-18,-17,-16,-13,-12,-12,-9,-7,-5,-4,-2,0,2,5,8,10,12,15,17,18,21,24,29,31,36,39,43,47,50,54,59,61,66,72,75,80,86,90,94,101,105,110,116,122,128,133,139,146,153,160,166,172,179,186,194,
-48,-48,0,0,0,0,0,0,0,0,0,0,0,0,0,0,0,0,0,0,0,0,0,0,0,0,0,0,0,0,0,0,0,0,0,0,0,0,0,0,-28,-27,-24,-23,-23,-22,-22,-18,-17,-15,-13,-12,-11,-9,-7,-5,-4,-1,1,4,6,9,12,14,16,18,21,24,27,31,34,37,41,46,49,53,56,61,66,69,75,79,85,89,94,99,104,111,116,122,127,134,139,145,151,157,164,172,179,186,193,201,
-49,-49,0,0,0,-46,-46,-46,-46,-46,-46,-46,-46,-45,-45,-45,-45,-45,-45,-44,-44,-42,-40,-40,-40,-40,-40,-40,-38,-38,-37,-36,-35,-35,-33,-33,0,0,0,0,-28,-27,-24,-23,-23,-22,-22,-17,-16,-15,-14,-11,-10,-9,-7,-4,-2,-1,3,5,6,12,12,15,17,19,23,24,29,31,36,39,44,47,52,56,59,65,68,74,79,82,87,94,99,104,110,115,121,126,132,139,144,151,158,164,171,179,186,193,201,208,
-50,-50,-48,-48,-48,-47,-47,-47,-47,-46,-46,-46,-46,-46,-45,-45,-45,-45,-45,-45,-45,-44,-42,-41,-40,-40,-39,-39,-38,-38,-38,-37,-36,-35,-33,-33,-32,-30,-30,-29,-28,-26,-26,-23,-23,-22,-20,-16,-16,-15,-13,-10,-10,-8,-5,-4,-2,2,3,5,9,12,14,16,17,22,23,29,29,35,37,42,46,50,55,58,63,67,72,77,83,86,92,98,104,106,113,119,126,132,139,145,151,158,165,172,179,186,195,202,208,216,
