-6,-6,-6,-6,-5,-5,-5,0,0,0,0,0,0,0,0,0,0,0,0,0,0,0,0,0,0,0,0,0,0,-5,-5,-5,-5,-5,-5,-5,-4,-3,-3,-2,-1,0,0,0,0,0,0,0,0,0,0,0,0,0,0,0,0,1,2,2,2,2,2,4,4,6,6,6,7,8,9,10,10,12,12,13,13,16,16,17,18,19,20,21,22,24,24,26,27,27,
-8,-8,-8,-8,-8,0,0,0,0,0,0,0,0,0,0,0,0,0,0,0,0,0,0,0,0,0,0,0,-5,-5,-5,-5,-5,-5,-5,-5,-5,-5,-4,-2,-1,-1,0,0,0,0,0,0,0,0,0,0,0,0,0,0,0,1,1,2,2,2,2,2,4,6,6,6,7,8,9,10,10,12,12,13,13,15,16,16,18,19,20,21,22,24,24,26,27,27,
-8,-8,-8,-8,0,0,0,0,0,0,0,0,0,0,0,0,0,0,0,0,0,0,0,0,0,0,0,-5,-5,-5,-5,-5,-5,-5,-5,-5,-5,-5,-5,-4,-2,-1,-1,0,0,0,0,0,0,0,0,0,0,0,0,0,0,0,1,2,2,2,2,2,4,5,6,6,7,8,8,10,10,11,12,12,13,15,16,16,18,19,20,20,22,24,24,26,27,28,
-8,-8,-8,0,0,0,0,0,0,0,0,0,0,0,0,0,0,0,0,0,0,0,0,0,0,-5,-5,-5,-5,-5,-5,-5,-5,-5,-5,-5,-5,-5,-5,-5,-5,-2,-1,-1,0,0,0,0,0,0,0,0,0,0,0,0,0,0,1,1,2,2,2,2,3,4,6,6,7,7,8,10,10,11,12,12,14,15,16,16,18,18,20,21,22,24,24,26,27,28,
-9,-9,-8,0,0,0,0,0,0,0,0,0,0,0,0,0,0,0,0,0,0,0,-7,-5,-5,-5,-5,-5,-5,-5,-5,-5,-5,-5,-5,-5,-5,-5,-5,-5,-5,-4,-2,-1,-1,0,0,0,0,0,0,0,0,0,0,0,0,0,0,1,2,2,2,2,2,4,6,6,7,7,8,9,10,10,12,12,14,15,16,16,18,18,20,21,22,24,24,26,27,28,
-9,-9,0,0,0,0,0,0,0,-8,-8,-8,-8,-8,-8,-8,-8,-8,-8,-8,-8,-8,-8,-7,-7,-6,-5,-5,-5,-5,-5,-5,-5,-5,-5,-5,-5,-5,-5,-5,-5,-4,-4,-2,-1,-1,0,0,0,0,0,0,0,0,0,0,0,0,0,1,2,2,2,2,2,4,6,6,7,7,8,8,10,10,12,12,14,14,16,16,18,18,21,21,22,24,24,26,28,28,
-9,-9,0,0,0,0,0,0,-9,-9,-9,-9,-9,-9,-8,-8,-8,-8,-8,-8,-8,-8,-8,-8,-8,-8,-7,-7,-6,-5,-5,-5,-5,-5,-5,-5,-5,-5,-5,-5,-5,-4,-4,-4,-1,-1,-1,0,0,0,0,0,0,0,0,0,0,0,0,0,1,2,2,2,2,2,5,7,7,7,8,8,10,10,11,13,14,14,16,16,18,18,20,21,22,24,24,26,28,28,
-9,-9,-9,-9,0,0,0,-9,-9,-9,-9,-9,-9,-9,-9,-9,-9,-8,-8,-8,-8,-8,-8,-8,-8,-8,-8,-8,-7,-7,-6,-5,-5,-5,-5,-5,-5,-5,-5,-5,-5,-4,-4,-4,-4,-1,-1,0,0,0,0,0,0,0,0,0,0,0,0,0,1,2,2,2,2,2,5,7,7,7,7,8,10,10,11,13,14,14,16,16,18,18,20,21,22,24,24,27,28,28,
-9,-9,-9,-9,-9,0,0,0,-9,-9,-9,-9,-9,-9,-9,-9,-9,-9,-9,-9,-8,-8,-8,-8,-8,-8,-8,-8,-8,-8,-7,-7,-6,-5,-5,-5,-5,-5,-5,-5,-5,-5,-4,-4,-4,-3,-1,-1,0,0,0,0,0,0,0,0,0,0,0,0,0,1,2,2,2,2,5,7,7,7,7,8,10,11,11,13,13,14,15,17,17,19,20,21,22,24,24,27,28,29,
-10,-9,-9,-9,-9,-9,0,0,0,0,0,0,0,0,0,0,0,-9,-9,-9,-9,-9,-8,-8,-8,-8,-8,-8,-8,-8,-8,-8,-7,-6,-6,-5,-5,-5,-5,-5,-5,-5,-4,-4,-4,-4,-3,-1,-1,0,0,0,0,0,0,0,0,0,0,0,0,1,2,2,2,2,6,6,7,7,7,8,9,11,12,13,13,14,15,17,17,19,20,21,23,24,25,27,28,29,
-10,-10,-10,-10,-10,-10,-10,-10,0,0,0,0,0,0,0,0,0,0,0,-9,-9,-9,-9,-9,-8,-8,-8,-8,-8,-8,-8,-8,-8,-8,-7,-6,-6,-5,-5,-5,-5,-5,-4,-4,-4,-4,-3,-2,-1,-1,0,0,0,0,0,0,0,0,0,0,0,0,2,2,2,2,4,6,7,7,7,8,8,11,12,13,13,14,15,17,18,19,20,21,23,24,25,27,29,29,
-11,-11,-11,-11,-11,-11,-10,0,0,0,0,0,-10,-10,-10,-10,0,0,0,0,0,-9,-9,-9,-9,-9,-8,-8,-8,-8,-8,-8,-8,-8,-8,-8,-6,-6,-5,-5,-5,-5,-4,-4,-4,-4,-3,-3,-2,-1,0,0,0,0,0,0,0,0,0,0,0,0,1,2,2,2,4,6,7,7,7,8,8,12,12,13,13,14,16,17,18,19,20,22,23,25,25,27,29,29,
-11,-11,-11,-11,-11,0,0,0,0,0,-11,-11,-11,-10,-10,-10,-10,0,0,0,0,0,-9,-9,-9,-9,-9,-8,-8,-8,-8,-8,-8,-8,-8,-8,-8,-7,-6,-6,-5,-5,-4,-4,-4,-4,-3,-3,-3,-2,-1,0,0,0,0,0,0,0,0,0,0,0,1,2,2,4,4,6,7,7,7,7,9,12,12,13,13,14,16,18,18,19,20,22,24,25,25,28,29,30,
-11,-11,-11,-11,-11,0,0,0,0,-11,-11,-11,-11,-11,-11,-11,-11,-11,0,0,0,0,0,-10,-9,-9,-9,-9,-8,-8,-8,-8,-8,-8,-8,-8,-8,-8,-7,-6,-6,-5,-4,-4,-4,-4,-3,-3,-3,-3,-1,0,0,0,0,0,0,0,0,0,0,0,0,2,2,4,4,6,6,7,7,8,10,12,12,13,13,15,16,18,18,19,22,22,24,25,27,28,29,30,
-12,-12,-12,-12,0,0,0,0,0,-11,-11,-11,-11,-11,-11,-11,-11,-11,-11,0,0,0,0,-10,-10,-10,-10,-9,-8,-8,-8,-8,-8,-8,-8,-8,-8,-8,-8,-7,-6,-6,-4,-4,-4,-4,-3,-3,-3,-3,-2,-1,0,0,0,0,0,0,0,0,0,0,0,1,3,4,4,5,6,7,7,8,10,12,12,13,14,15,17,18,18,20,22,23,24,26,27,29,30,31,
-13,-13,-12,0,0,0,0,0,-12,-12,-12,-11,-11,-11,-11,-11,-11,-11,-11,0,0,0,0,0,-10,-10,-10,-10,-10,-9,-8,-8,-8,-8,-8,-8,-8,-8,-8,-8,-7,-6,-5,-4,-4,-4,-3,-3,-3,-3,-3,-2,0,0,0,0,0,0,0,0,0,0,0,1,4,4,4,5,6,7,8,9,10,12,12,12,14,16,17,18,19,20,22,23,24,26,27,30,31,31,
-13,-13,-13,0,0,0,0,0,-12,-12,-12,-12,-12,-12,-12,-12,-11,-11,-11,0,0,0,0,0,-11,-11,-11,-10,-10,-10,-9,-9,-8,-8,-8,-8,-8,-8,-8,-8,-8,-6,-5,-5,-4,-4,-3,-3,-3,-3,-3,-3,-1,0,0,0,0,0,0,0,0,0,0,1,4,4,4,5,6,7,8,9,10,12,12,13,14,17,17,19,19,20,23,23,25,26,27,30,31,32,
-14,-14,-14,0,0,0,0,0,-12,-12,-12,-12,-12,-12,-12,-12,-12,-12,-12,0,0,0,0,0,0,-11,-11,-11,-11,-10,-9,-9,-9,-9,-8,-8,-8,-8,-8,-8,-8,-7,-6,-5,-5,-4,-3,-3,-3,-3,-3,-3,-2,0,0,0,0,0,0,0,0,0,0,2,4,4,4,5,6,8,9,9,11,12,13,13,15,17,17,19,19,22,23,24,26,27,28,31,31,32,
-14,-14,-14,0,0,0,0,0,-13,-13,-13,-13,-12,-12,-12,-12,-12,-12,-12,-12,0,0,0,0,0,-11,-11,-11,-11,-11,-11,-9,-9,-9,-9,-9,-8,-8,-8,-8,-8,-7,-6,-6,-5,-5,-3,-3,-3,-3,-3,-3,-3,-1,0,0,0,0,0,0,0,0,1,2,3,4,4,5,7,8,9,9,11,13,13,13,15,17,18,19,19,22,24,24,27,28,29,31,32,36,
-14,-14,0,0,0,0,0,0,-14,-13,-13,-13,-13,-13,-13,-13,-13,-13,-12,-12,0,0,0,0,0,-11,-11,-11,-11,-11,-11,-10,-10,-9,-9,-9,-9,-8,-8,-8,-8,-7,-7,-6,-6,-4,-4,-3,-3,-3,-3,-3,-3,-1,0,0,0,0,0,0,0,0,2,2,3,4,5,6,6,9,9,9,11,13,13,14,16,18,18,19,22,23,24,24,28,29,30,32,34,36,
-15,-15,0,0,0,0,0,0,-14,-14,-13,-13,-13,-13,-13,-13,-13,-13,-13,0,0,0,0,0,0,-12,-11,-11,-11,-11,-11,-10,-10,-10,-10,-9,-9,-9,-9,-8,-8,-7,-7,-6,-6,-5,-4,-4,-3,-3,-3,-3,-3,-2,-1,0,0,0,0,0,0,1,2,2,2,4,5,6,7,9,9,10,12,13,14,15,17,18,18,21,23,24,24,26,29,29,31,33,34,37,
-15,-15,-15,0,0,0,0,0,-15,-15,-15,-14,-13,-13,-13,-13,-13,-13,-13,0,0,0,0,0,0,-12,-12,-11,-11,-11,-11,-11,-10,-10,-10,-10,-9,-9,-9,-9,-7,-7,-7,-6,-6,-5,-5,-4,-4,-3,-3,-3,-3,-2,-1,0,0,0,0,0,1,2,2,2,2,5,6,6,7,9,10,11,12,14,14,16,17,18,19,22,23,24,25,28,29,29,33,34,34,38,
-15,-15,-15,0,0,0,0,0,-15,-15,-15,-15,-14,-14,-14,-14,-14,-13,-13,0,0,0,0,0,-13,-13,-13,-13,-11,-11,-11,-11,-10,-10,-10,-10,-10,-9,-9,-9,-8,-7,-7,-6,-6,-5,-5,-4,-4,-3,-3,-3,-2,-2,-1,-1,0,0,0,0,1,2,2,2,2,6,6,7,7,9,11,11,12,14,16,16,17,18,22,22,23,25,27,28,29,32,34,34,38,38,
-15,-15,-15,0,0,0,0,0,-15,-15,-15,-15,-14,-14,-14,-14,-14,-14,-14,0,0,0,0,0,-13,-13,-13,-13,-13,-12,-12,-11,-10,-10,-10,-10,-10,-10,-9,-9,-8,-8,-7,-6,-5,-5,-5,-4,-4,-4,-3,-3,-2,-2,-1,-1,0,0,0,1,2,2,2,2,4,6,7,7,7,11,11,11,13,16,16,16,18,21,22,23,23,27,28,28,31,33,34,36,38,39,
-16,-16,-16,-16,0,0,0,0,0,-15,-15,-15,-14,-14,-14,-14,-14,-14,0,0,0,0,0,0,-13,-13,-13,-13,-13,-13,-12,-12,-11,-10,-10,-10,-10,-10,-9,-8,-8,-8,-8,-6,-5,-5,-5,-5,-4,-4,-4,-3,-2,-2,-1,-1,0,0,1,2,2,2,2,2,4,6,7,7,8,11,11,12,15,16,16,17,21,21,22,23,26,27,28,31,33,33,36,37,40,42,
-16,-16,-16,-16,0,0,0,0,0,-16,-16,-16,-15,-14,-14,-14,-14,-14,0,0,0,0,0,-14,-13,-13,-13,-13,-13,-13,-13,-12,-11,-11,-10,-10,-10,-10,-10,-8,-8,-8,-8,-6,-5,-5,-5,-5,-4,-4,-4,-3,-2,-2,-1,-1,-1,0,1,2,2,2,2,4,5,6,7,8,10,11,12,13,16,16,16,20,21,21,24,26,26,28,30,32,34,35,37,39,42,42,
-17,-16,-16,-16,-16,0,0,0,0,0,-16,-16,-15,-15,-15,-15,-15,0,0,0,0,0,0,0,0,0,0,0,-13,-13,-13,-12,-11,-11,-11,-11,-10,-10,-9,-8,-8,-8,-8,-6,-6,-5,-5,-5,-4,-4,-4,-3,-2,-2,-1,-1,-1,1,2,2,2,2,3,4,6,6,8,9,10,11,13,15,16,16,19,21,21,23,26,26,28,30,31,34,35,37,39,41,43,46,
-17,-17,-17,-17,-16,-16,0,0,0,0,0,0,-15,-15,-15,0,0,0,0,0,0,0,0,0,0,0,0,0,0,-13,-13,-12,-11,-11,-11,-11,-11,-10,-9,-9,-8,-8,-8,-6,-6,-6,-5,-5,-4,-4,-4,-3,-2,-2,-1,-1,0,2,2,2,2,3,4,6,6,6,8,10,10,13,14,15,16,18,20,21,22,24,26,27,30,31,33,35,36,39,40,43,45,47,
-18,-18,-18,-18,-17,-17,-16,-16,0,0,0,0,0,0,0,0,0,0,0,0,-15,-15,-15,-15,-15,0,0,0,0,-13,-13,-12,-11,-11,-11,-11,-11,-10,-9,-9,-8,-8,-7,-6,-6,-6,-5,-5,-4,-4,-4,-3,-2,-2,-1,0,1,2,2,2,3,3,4,6,6,8,9,10,12,13,15,15,17,20,20,22,24,26,27,29,31,33,35,36,39,40,42,45,47,49,
-18,-18,-18,-18,-18,-18,-18,-16,-16,-16,0,0,0,0,0,0,0,-15,-15,-15,-15,-15,-15,-15,-15,-15,-14,-14,-14,-13,-13,-12,-11,-11,-11,-11,-10,-10,-10,-9,-8,-7,-7,-6,-6,-6,-6,-5,-4,-4,-3,-3,-3,-1,-1,0,1,2,2,3,3,4,6,6,7,9,10,12,12,15,15,16,20,20,22,24,25,27,29,31,33,34,36,38,40,42,45,47,49,52,
-19,-19,-19,-19,-19,-18,-18,-18,-16,-16,-15,-15,-15,-15,-15,-15,-15,-15,-15,-15,-15,-15,-15,-15,-15,-15,-15,-15,-14,-14,-13,-12,-12,-11,-11,-11,-10,-10,-10,-9,-8,-7,-7,-6,-6,-6,-6,-4,-4,-4,-3,-3,-3,-1,0,1,1,2,3,3,4,5,6,7,8,9,12,12,14,15,16,19,20,21,22,25,27,29,31,32,34,36,39,41,42,45,47,49,52,54,
-20,-20,-19,-19,-19,-19,-18,-18,-18,-16,-16,-16,-15,-15,-15,-15,-15,-15,-15,-15,-15,-15,-15,-15,-15,-15,-15,-15,-15,-14,-13,-12,-12,-11,-11,-10,-10,-10,-10,-10,-7,-7,-7,-6,-6,-6,-6,-4,-4,-4,-3,-3,-3,0,1,1,1,2,3,3,5,6,7,7,8,12,12,13,15,16,17,20,21,22,25,26,29,31,32,34,36,39,40,42,45,47,51,52,55,57,
-20,-20,-20,-20,-19,-19,-19,-18,-18,-17,-17,-17,-16,-16,-15,-15,-15,-15,-15,-15,-15,-15,-15,-15,-15,-15,-15,-15,-15,-15,-13,-12,-12,-11,-10,-10,-10,-10,-10,-10,-8,-7,-6,-6,-6,-6,-6,-4,-4,-3,-3,-3,0,1,1,1,1,3,3,5,5,7,7,8,12,12,13,15,16,17,20,21,21,26,26,28,31,31,35,36,39,40,43,45,47,50,52,54,57,60,
-20,-20,-19,-19,-19,-19,-19,-19,-19,-19,-18,-18,-17,-17,-17,-15,-15,-15,-15,-15,-15,-15,-15,-15,-15,-15,-15,-15,-15,-14,-14,-13,-12,-10,-10,-10,-10,-10,-10,-9,-9,-7,-6,-6,-6,-6,-6,-4,-4,-3,-3,-2,1,1,1,1,2,3,5,5,7,7,8,10,12,12,14,16,17,19,21,22,26,26,27,31,31,35,36,40,40,43,45,47,50,52,54,58,59,64,
-19,-19,-19,-19,-19,-19,-19,-19,-19,-19,-18,-18,-18,-18,-18,-17,-16,-15,-15,-15,-15,-15,-15,-15,-15,-15,-15,-15,-15,-14,-14,-14,-11,-10,-10,-10,-10,-10,-9,-9,-8,-7,-6,-6,-6,-6,-6,-4,-3,-3,-2,-1,1,1,1,2,3,4,5,6,7,8,10,12,12,14,16,17,19,21,22,24,26,28,31,31,35,36,39,40,44,45,49,50,54,55,59,59,64,67,
-19,-19,-19,-19,-19,-19,-19,-19,-19,-18,-18,-18,-18,-18,-18,-18,-18,-17,-15,-15,-15,-15,-15,-15,-15,-15,-15,-15,-14,-14,-14,-13,-12,-10,-10,-10,-10,-9,-9,-9,-8,-6,-6,-6,-6,-6,-5,-3,-3,-2,-1,0,1,1,2,2,4,6,6,7,7,10,11,12,14,16,17,19,20,22,24,26,28,30,32,34,36,39,40,44,45,48,50,53,55,59,60,64,66,69,
-19,-19,-19,-19,-19,-19,-19,-19,-19,-18,-18,-18,-18,-18,-18,-18,-18,-18,-17,-16,-15,-15,-15,-15,-15,-15,-15,-14,-14,-13,-13,-13,-11,-10,-10,-10,-10,-9,-9,-9,-8,-6,-6,-6,-6,-6,-5,-3,-2,-1,-1,0,1,2,2,3,6,6,6,7,10,10,11,14,15,16,19,20,23,24,25,28,30,32,34,37,38,41,44,46,49,51,53,56,59,61,65,67,70,73,
-19,-19,-19,-19,-19,-19,-19,-19,-19,-18,-18,-18,-18,-18,-18,-18,-18,-18,-17,-17,-16,-16,-15,-15,-15,-15,-15,-14,-13,-13,-13,-13,-12,-11,-10,-10,-9,-9,-9,-9,-7,-7,-6,-6,-6,-6,-4,-2,-1,-1,0,0,2,2,3,5,6,6,7,10,10,11,14,15,17,19,19,22,24,25,29,30,32,33,37,38,41,43,46,49,51,53,56,59,62,65,68,70,75,77,
-19,-19,-19,-19,-19,-19,-19,-19,-18,-18,-18,-18,-18,-18,-18,-18,-18,-18,-17,-17,-17,-16,-16,-15,-15,-15,-13,-13,-13,-13,-13,-13,-12,-11,-10,-9,-9,-9,-9,-9,-7,-7,-6,-6,-6,-5,-3,-1,-1,-1,1,1,2,3,5,6,6,8,10,10,12,13,15,17,18,19,22,24,26,29,31,32,34,36,38,41,43,45,50,50,55,57,59,64,65,69,72,74,78,83,
-19,-19,-19,-19,-19,-19,-19,-18,-18,-18,-18,-18,-18,-18,-18,-18,-18,-18,-18,-17,-17,-17,-16,-16,-14,-13,-13,-13,-13,-13,-13,-12,-12,-11,-10,-9,-9,-9,-9,-8,-7,-7,-6,-6,-6,-2,-2,-1,-1,1,1,2,3,5,5,6,7,10,10,11,13,15,17,18,19,22,23,26,28,30,32,35,36,39,41,44,46,50,51,55,58,60,64,66,69,73,75,78,83,86,
-20,-20,-19,-19,-19,-19,-18,-18,-18,-18,-18,-18,-18,-18,-18,-18,-18,-18,-17,-17,-17,-16,-15,-15,-14,-13,-13,-13,-13,-13,-13,-12,-11,-10,-10,-9,-9,-9,-8,-7,-7,-7,-6,-6,-2,-2,-2,-1,0,1,2,3,4,5,5,8,10,10,11,13,14,16,18,21,22,23,26,28,30,32,35,37,39,42,45,48,50,52,55,57,61,64,67,70,74,76,80,83,88,90,
-20,-20,-20,-20,-19,-18,-18,-18,-18,-18,-18,-18,-18,-18,-18,-18,-18,-18,-16,-16,-16,-16,-15,-14,-14,-14,-13,-13,-13,-13,-12,-12,-10,-10,-10,-9,-9,-9,-8,-7,-7,-7,-6,-3,-2,-2,-1,0,1,2,2,4,5,5,8,10,10,11,14,15,16,18,20,23,24,27,29,29,34,34,38,39,43,44,48,50,53,56,58,62,65,67,71,75,77,81,84,88,92,95,
-21,-21,-19,-19,-19,-19,-19,-19,-18,-18,-18,-18,-18,-18,-18,-17,-17,-17,-16,-16,-16,-16,-15,-14,-14,-14,-13,-13,-13,-13,-12,-11,-10,-10,-10,-9,-9,-8,-7,-7,-7,-5,-4,-2,-2,-2,0,0,2,2,4,5,5,7,10,10,11,14,15,15,18,20,23,24,25,29,29,34,34,38,39,43,44,48,50,53,57,60,62,66,69,72,76,79,83,86,89,93,97,102,
-20,-20,-20,-19,-19,-19,-19,-19,-19,-19,-17,-17,-17,-17,-17,-17,-17,-16,-16,-16,-16,-15,-15,-14,-14,-14,-14,-13,-13,-12,-11,-11,-10,-10,-10,-9,-8,-8,-7,-7,-6,-4,-3,-2,-2,-1,1,2,3,3,5,7,7,9,11,11,14,15,15,20,20,22,24,25,29,29,34,34,38,40,43,46,48,51,54,56,60,63,66,69,73,76,80,83,87,90,95,99,102,107,
-20,-20,-20,-19,-19,-18,-18,-18,-18,-18,-18,-18,-17,-17,-17,-17,-17,-16,-16,-15,-15,-15,-15,-14,-14,-14,-14,-13,-11,-11,-11,-10,-10,-10,-10,-8,-8,-7,-6,-5,-5,-3,-2,-2,-1,0,2,3,3,5,7,7,8,11,12,13,15,15,19,20,23,25,27,29,31,33,35,38,41,43,47,49,52,54,58,61,63,67,71,74,76,81,86,89,92,95,100,105,109,114,
-19,-19,-19,-19,-19,-18,-18,-18,-18,-18,-18,-18,-18,-17,-17,-17,-16,-16,-15,-15,-15,-15,-14,-14,-14,-14,-14,-12,-11,-11,-11,-10,-10,-10,-10,-8,-7,-6,-5,-5,-4,-3,-1,0,0,1,3,3,5,7,7,8,11,12,14,15,15,19,20,22,25,27,28,32,33,36,39,42,44,47,49,53,56,58,62,66,67,72,76,79,81,86,90,94,98,101,106,111,115,120,
-19,-19,-19,-19,-19,-19,-18,-18,-18,-18,-18,-18,-18,-18,-17,-16,-15,-15,-15,-15,-15,-15,-14,-14,-14,-14,-13,-11,-11,-11,-10,-10,-10,-10,-8,-7,-6,-5,-5,-4,-3,0,0,0,0,3,3,5,6,7,9,11,12,14,15,17,19,21,22,24,27,29,32,34,37,39,42,44,48,50,53,57,58,62,67,69,72,76,80,85,87,92,95,99,104,108,113,118,121,126,
-19,-19,-19,-19,-19,-19,-18,-18,-18,-18,-18,-18,-18,-18,-16,-15,-15,-15,-15,-15,-15,-15,-14,-14,-13,-13,-12,-11,-11,-11,-10,-10,-9,-8,-8,-7,-5,-5,-4,-3,0,0,0,1,3,4,6,6,7,9,11,12,14,15,18,19,20,23,25,27,30,32,34,37,39,44,45,48,51,53,58,60,64,66,71,74,78,81,85,89,93,96,100,105,110,114,119,124,128,133,
-19,-19,-19,-19,-19,-19,-18,-18,-18,-18,-18,-18,-17,-16,-16,-15,-15,-15,-15,-15,-15,-14,-14,-13,-13,-12,-12,-11,-11,-9,-9,-9,-8,-8,-6,-5,-5,-3,-2,-1,0,0,1,3,4,6,6,7,10,11,12,14,16,18,19,20,23,25,27,30,33,35,39,40,44,46,49,52,55,57,61,65,67,72,75,79,82,86,91,95,99,103,107,112,117,121,126,131,137,141,
-19,-19,-19,-19,-19,-18,-18,-18,-18,-17,-17,-16,-16,-16,-16,-15,-15,-15,-15,-15,-14,-13,-13,-12,-12,-12,-11,-10,-10,-9,-9,-8,-8,-7,-5,-4,-3,-2,-2,0,0,2,3,4,6,6,8,10,11,13,15,17,18,20,22,24,25,28,30,32,36,38,42,43,46,50,52,56,58,63,65,69,72,77,81,84,89,91,96,100,104,109,113,119,124,129,133,138,143,150,
-19,-19,-19,-19,-19,-18,-17,-17,-17,-16,-16,-16,-16,-16,-16,-15,-15,-15,-15,-14,-13,-13,-11,-11,-11,-11,-11,-10,-9,-8,-8,-7,-7,-5,-4,-3,-2,-2,-1,2,2,3,5,6,6,8,10,12,13,15,17,18,21,22,24,27,28,32,34,37,38,42,44,47,51,53,56,59,63,67,70,75,77,82,85,89,93,98,103,106,111,116,121,125,131,136,142,146,151,157,
-19,-19,-18,-18,-17,-17,-17,-16,-16,-16,-16,-16,-16,-16,-16,-15,-15,-13,-13,-12,-12,-11,-11,-11,-11,-11,-10,-9,-8,-8,-6,-6,-5,-3,-2,-2,-2,0,2,2,2,5,6,7,9,9,11,14,15,17,19,21,23,23,28,28,32,34,37,40,42,45,49,50,55,58,61,64,68,71,75,79,84,88,91,96,100,105,108,113,118,123,128,133,139,144,149,156,162,168,
-18,-18,-18,-17,-17,-16,-16,-16,-16,-15,-15,-15,-15,-15,-14,-13,-13,-13,-12,-11,-11,-11,-11,-11,-11,-11,-9,-7,-6,-6,-6,-6,-3,-2,-2,-1,1,2,2,3,5,7,8,9,9,13,14,15,18,20,21,23,25,28,29,33,35,37,41,43,46,49,52,56,60,61,66,70,74,77,80,84,88,93,97,102,107,112,117,121,125,130,135,141,148,154,159,164,170,177,
-17,-16,-15,-15,-15,-15,-15,-15,-15,-15,-15,-15,-14,-14,-13,-13,-13,-11,-11,-11,-11,-11,-11,-10,-10,-7,-6,-6,-6,-6,-6,-3,-1,-1,-1,1,1,2,4,6,6,8,9,11,13,15,15,19,20,23,24,27,28,32,33,36,39,41,44,47,50,52,56,61,64,66,70,74,79,83,86,89,94,99,103,108,113,117,123,128,135,140,145,150,155,163,168,173,182,187,
-15,-15,-15,-15,-15,-15,-15,-15,-14,-14,-14,-14,-14,-13,-13,-11,-11,-10,-10,-10,-10,-10,-10,-10,-7,-6,-6,-6,-6,-2,-2,-1,-1,0,1,1,4,6,6,7,8,10,11,14,15,16,20,20,24,24,27,28,32,34,37,39,42,46,47,52,55,57,61,65,69,72,75,80,84,89,93,97,102,107,111,116,121,126,131,136,141,148,154,159,165,172,179,185,192,197,
-15,-15,-15,-15,-14,-14,-14,-13,-13,-13,-13,-13,-12,-11,-10,-10,-10,-10,-10,-10,-10,-10,-8,-6,-6,-5,-5,-4,-2,-2,-1,0,0,2,2,4,6,7,8,10,11,11,15,16,17,20,22,24,25,27,30,32,35,38,40,43,47,49,52,55,59,62,66,70,74,77,80,85,89,93,98,102,108,113,118,122,128,134,140,145,151,156,162,169,175,182,187,196,202,209,
-13,-13,-13,-13,-13,-13,-13,-13,-13,-13,-11,-11,-10,-10,-10,-10,-10,-10,-10,-10,-7,-6,-5,-5,-5,-4,-3,-2,-2,-1,1,1,2,3,4,6,8,8,11,11,11,16,16,18,21,23,24,26,28,31,33,35,38,42,43,47,51,53,56,60,64,66,71,75,79,84,87,92,97,100,105,110,114,120,126,131,137,142,147,154,159,166,173,180,185,193,199,206,214,221,
-13,-13,-13,-13,-13,-13,-13,-12,-12,-11,-10,-9,-9,-9,-9,-9,-9,-9,-7,-7,-6,-5,-5,-4,-3,-3,-1,-1,1,1,2,3,3,6,8,8,9,11,12,14,15,17,20,22,23,25,27,29,31,34,37,39,42,45,49,51,55,57,62,66,69,72,76,79,84,89,94,99,104,107,112,117,123,128,133,138,145,151,158,164,171,176,183,190,197,204,212,218,227,235,
-12,-12,-12,-11,-11,-11,-11,-10,-9,-9,-9,-9,-9,-9,-9,-7,-7,-7,-6,-6,-4,-3,-2,-2,-1,-1,0,1,1,4,4,5,7,8,8,11,12,12,14,15,19,20,22,25,26,29,29,34,35,38,41,42,47,50,53,57,59,63,67,70,74,78,83,87,91,96,101,105,111,115,119,124,131,136,142,149,154,161,166,173,179,186,194,200,209,217,224,232,240,247,
-11,-11,-11,-11,-10,-9,-9,-9,-9,-9,-9,-9,-6,-6,-6,-6,-5,-5,-4,-3,-2,-2,-2,-1,0,1,2,4,4,4,5,8,9,11,11,12,14,16,18,19,21,24,26,27,30,31,34,37,39,41,46,48,51,54,58,61,65,69,73,76,81,85,88,93,97,102,107,111,118,124,129,135,139,145,152,157,164,170,177,185,190,198,205,212,222,228,237,245,254,262,
-10,-9,-8,-8,-8,-8,-8,-8,-7,-6,-6,-6,-6,-6,-5,-5,-3,-3,-2,-1,-1,1,1,1,2,3,4,4,6,7,9,9,11,11,14,15,17,19,20,22,25,26,29,30,32,36,37,41,44,46,50,53,56,60,61,66,70,73,78,82,87,91,95,101,106,110,115,120,126,130,138,143,148,155,161,167,176,181,189,196,203,210,218,226,235,242,251,259,269,278,
-8,-8,-8,-7,-7,-6,-6,-6,-6,-5,-5,-4,-4,-2,-2,-1,-1,-1,-1,1,1,1,2,4,5,5,6,7,9,9,11,12,13,15,15,17,20,22,23,26,28,29,32,33,37,39,42,45,48,51,55,57,60,65,68,72,76,79,84,88,93,97,101,107,112,117,122,129,134,139,146,152,158,164,171,178,185,193,200,208,216,222,231,239,248,256,266,276,284,294,
