-8,-8,-8,-8,-7,-7,-7,-7,-7,-7,-7,-7,-5,-5,-5,-5,-5,-5,-5,-4,-4,0,0,-4,-4,-4,-4,-4,-4,-4,-3,-3,-3,-3,-3,-3,-3,-3,-3,-3,-2,-2,-2,-1,-1,-1,0,0,0,2,3,3,3,3,4,5,6,6,6,8,9,9,10,10,11,12,13,15,16,17,18,20,20,20,24,26,27,28,28,31,32,35,37,38,39,42,43,46,49,50,52,54,56,59,61,63,66,69,71,74,76,79,82,85,88,
-9,-9,-9,-9,-9,-8,-8,-8,-8,-7,-7,-7,-7,-7,-7,-7,-7,-7,-6,-5,-5,0,0,-4,-4,-4,-4,-4,-4,-4,-4,-4,-3,-3,-3,-3,-3,-3,-3,-3,-3,-2,-2,-2,-1,-1,-1,0,0,0,2,3,3,3,3,4,6,6,6,8,8,9,9,10,10,12,13,15,16,17,17,18,20,20,24,26,26,28,28,31,33,35,36,38,39,42,43,46,46,51,52,53,55,60,61,63,66,69,71,75,76,78,82,85,87,
-10,-10,-9,-9,-9,-9,-9,-9,-9,-9,-9,-9,-9,-9,-7,-7,-7,-7,-7,-7,0,0,0,0,-5,-5,-4,-4,-4,-4,-4,-4,-4,-4,-3,-3,-3,-3,-3,-3,-3,-3,-3,-2,-2,-1,-1,-1,0,0,0,2,3,3,3,3,5,6,6,6,8,9,9,10,10,11,12,14,15,16,17,18,20,20,23,26,26,27,28,31,33,35,35,38,39,42,43,45,47,51,51,53,56,59,61,64,65,68,71,74,76,78,82,85,87,
-10,-10,-10,-10,-10,-10,-10,-9,-9,-9,-9,-9,-9,-9,-9,-9,-9,-9,-9,-8,0,0,0,0,-7,-7,-6,-6,-4,-4,-4,-4,-4,-4,-4,-4,-3,-3,-3,-3,-3,-3,-3,-3,-2,-2,-1,-1,-1,0,0,0,2,3,3,3,4,6,6,6,7,8,9,9,10,10,12,14,15,16,17,18,19,21,21,25,26,27,29,29,32,33,35,38,39,41,43,45,47,50,52,53,56,59,61,64,65,69,71,73,77,78,83,86,87,
-11,-10,-10,-10,-10,-10,-10,-10,-10,-10,-10,-10,-9,-9,-9,-9,-9,-9,-9,0,0,0,0,0,0,-7,-7,-7,-7,-6,-6,-4,-4,-4,-4,-4,-4,-3,-3,-3,-3,-3,-3,-3,-3,-2,-2,-1,-1,-1,0,0,0,2,3,3,3,4,6,6,6,8,9,9,10,10,12,13,14,15,17,17,19,21,21,24,26,26,29,29,32,33,36,38,39,40,44,44,47,51,52,53,56,59,61,64,65,69,72,73,76,79,83,85,88,
-11,-11,-11,-11,-11,-11,-11,-11,-11,-10,-10,-10,-10,-10,-10,-10,-10,-9,-9,0,0,0,0,0,0,-8,-8,-8,-8,-7,-7,-6,-6,-4,-4,-4,-4,-4,-4,-3,-3,-3,-3,-3,-3,-3,-2,-2,-1,-1,-1,0,0,2,2,3,3,3,5,6,6,6,8,9,9,10,11,12,14,15,16,17,19,21,21,23,26,27,28,29,31,34,36,36,39,41,43,44,48,50,52,53,56,59,62,63,65,70,72,73,77,79,84,85,89,
-11,-11,-11,-11,-11,-11,-11,-11,-11,-11,-11,-11,-11,-11,-11,-11,-11,-11,-11,0,0,0,0,0,0,0,-9,-9,-8,-8,-8,-8,-7,-7,-6,-5,-4,-4,-4,-4,-3,-3,-3,-3,-3,-3,-3,-2,-2,-1,-1,-1,0,0,2,3,3,3,5,6,6,6,7,9,9,10,11,12,14,14,15,18,18,19,21,22,26,27,28,29,32,33,36,36,40,41,43,45,48,49,52,54,55,60,62,63,66,68,71,74,77,80,84,86,89,
-12,-12,-12,-12,-11,-11,-11,-11,-11,-11,-11,-11,-11,-11,-11,-11,-11,-11,0,0,0,0,0,0,0,0,-10,-10,-10,-9,-8,-8,-8,-8,-8,-7,-5,-5,-4,-4,-4,-4,-3,-3,-3,-3,-3,-3,-3,-2,-1,-1,-1,0,0,2,3,3,4,5,6,6,6,8,9,10,11,11,13,14,15,17,18,19,21,21,25,27,27,29,30,33,35,37,39,40,43,45,48,48,53,54,56,60,62,64,66,70,72,74,78,80,84,86,90,
-14,-14,-14,-14,-14,-13,-12,-12,-12,-12,-11,-11,-11,-11,-11,-11,-11,-11,0,0,0,0,0,0,0,0,-11,-10,-10,-10,-10,-10,-10,-9,-8,-8,-8,-7,-5,-5,-4,-4,-4,-3,-3,-3,-3,-3,-3,-3,-2,-1,-1,-1,0,0,2,3,3,4,6,6,6,7,9,10,11,11,12,14,16,17,18,19,21,22,24,27,27,29,30,33,36,37,39,40,42,45,47,49,52,54,55,60,62,64,67,70,72,75,78,82,83,87,90,
-15,-15,-15,-15,-15,-14,-14,-14,-14,-14,-14,-13,-13,-12,-12,-12,-11,-11,0,0,0,0,0,0,0,0,0,-11,-11,-11,-10,-10,-10,-10,-9,-9,-9,-8,-8,-6,-5,-4,-4,-4,-3,-3,-3,-3,-3,-3,-3,-2,-1,-1,-1,0,2,2,3,4,5,6,6,6,8,10,10,11,11,13,15,16,18,18,20,22,23,26,28,29,30,33,35,37,38,41,42,45,48,49,53,54,55,61,61,65,67,69,73,74,79,82,84,87,91,
-15,-15,-15,-15,-15,-15,-15,-15,-15,-15,-15,-15,-15,-14,-14,-14,-13,0,0,0,0,0,0,-11,0,0,0,-11,-11,-11,-11,-11,-10,-10,-10,-10,-9,-9,-9,-9,-8,-5,-5,-4,-4,-3,-3,-3,-3,-3,-3,-3,-2,-1,-1,-1,0,2,3,4,4,5,6,6,7,10,10,11,11,12,15,16,17,18,20,22,23,25,28,29,30,33,34,37,38,41,42,45,47,50,53,54,56,61,62,65,68,70,73,75,79,82,85,88,92,
-16,-16,-16,-16,-16,-16,-16,-16,-15,-15,-15,-15,-15,-15,-15,-15,-15,0,0,0,0,0,0,-13,-11,0,0,0,-11,-11,-11,-11,-11,-11,-10,-10,-10,-10,-9,-9,-9,-9,-6,-5,-4,-4,-3,-3,-3,-3,-3,-3,-2,-2,-1,-1,-1,0,2,4,4,5,6,6,6,9,10,10,11,13,15,15,16,19,20,22,23,25,28,28,30,31,34,37,38,41,43,45,47,50,53,55,56,62,62,66,68,70,74,76,80,83,85,89,92,
-16,-16,-16,-16,-16,-16,-16,-16,-16,-16,-16,-16,-16,-16,-16,-16,0,0,0,0,0,0,-15,-15,-14,0,0,0,-11,-11,-11,-11,-11,-11,-11,-11,-10,-10,-10,-9,-9,-9,-9,-8,-5,-5,-4,-3,-3,-3,-3,-3,-3,-2,-1,-1,-1,0,2,4,4,4,5,6,7,8,10,10,11,12,14,15,16,19,19,20,24,25,28,28,30,31,35,37,38,41,43,45,48,50,52,55,58,61,63,65,67,71,75,76,81,83,87,89,94,
-19,-19,-19,-17,-17,-17,-16,-16,-16,-16,-16,-16,-16,-16,-16,-16,0,0,0,0,0,0,-16,-15,-15,-15,0,0,-14,-13,-12,-11,-11,-11,-11,-11,-11,-11,-10,-10,-10,-9,-9,-9,-9,-5,-5,-4,-3,-3,-3,-3,-3,-3,-2,-1,-1,-1,0,3,4,4,4,6,7,7,9,10,10,12,13,15,17,18,19,20,24,25,26,29,30,31,36,37,39,41,43,45,48,50,52,56,58,61,63,65,68,72,75,77,82,84,87,90,95,
-19,-19,-19,-19,-19,-19,-19,-19,-19,-18,-17,-16,-16,-16,-16,-16,0,0,0,0,0,0,-16,-16,-16,-16,0,0,0,-14,-14,-14,-13,-12,-11,-11,-11,-11,-11,-10,-10,-10,-9,-9,-9,-9,-5,-5,-4,-3,-3,-3,-3,-3,-3,-2,-1,-1,-1,1,4,4,4,5,7,7,8,10,11,12,12,14,17,17,19,21,24,24,27,29,30,32,36,36,39,40,44,45,49,50,52,55,58,62,63,66,70,72,76,78,83,84,88,92,95,
-19,-19,-19,-19,-19,-19,-19,-19,-19,-19,-19,-19,-19,-19,-19,0,0,0,0,0,0,-16,-16,-16,-16,-16,0,0,0,-16,-16,-15,-14,-14,-13,-12,-12,-11,-11,-11,-11,-10,-10,-10,-9,-9,-8,-6,-5,-4,-3,-3,-3,-3,-3,-3,-2,-1,-1,1,4,4,4,4,7,7,7,9,11,12,12,14,16,17,19,21,22,24,26,29,30,32,35,37,39,41,44,45,49,50,53,56,59,62,64,67,70,73,76,80,82,85,90,92,96,
-21,-21,-21,-20,-20,-20,-20,-19,-19,-19,-19,-19,-19,-19,-19,0,0,0,0,0,0,-17,-17,-16,-16,-16,-16,0,0,0,-16,-16,-16,-15,-14,-14,-13,-12,-11,-11,-11,-11,-10,-10,-10,-9,-9,-8,-6,-5,-4,-3,-3,-3,-3,-3,-2,-1,-1,0,2,4,4,4,6,7,7,9,11,11,12,14,16,17,19,21,22,25,26,29,30,32,36,37,38,41,45,46,49,50,53,57,58,63,64,69,71,73,78,80,83,86,90,93,98,
-23,-23,-22,-21,-21,-21,-21,-21,-21,-21,-20,-20,-20,-20,0,0,0,0,0,0,0,-19,-19,-19,-17,-17,-17,0,0,0,-16,-16,-16,-16,-16,-16,-14,-14,-13,-12,-11,-11,-11,-11,-10,-10,-9,-8,-7,-6,-5,-4,-3,-3,-3,-3,-3,-2,-1,0,2,4,4,4,5,7,7,8,10,11,12,13,15,17,19,21,22,25,26,29,30,32,36,37,39,42,46,46,50,50,55,57,59,62,66,70,71,75,78,81,84,87,91,94,99,
-23,-23,-23,-23,-23,-23,-23,-23,-22,-21,-21,-21,-21,-21,0,0,0,0,0,0,-20,-19,-19,-19,-19,-19,-19,-17,0,0,-16,-16,-16,-16,-16,-16,-16,-16,-14,-13,-13,-12,-11,-11,-11,-10,-10,-9,-8,-7,-6,-5,-4,-3,-3,-3,-3,-3,-2,-1,1,2,4,4,5,6,7,8,10,11,12,13,15,18,18,21,23,25,26,29,31,33,35,38,39,43,45,47,50,52,55,58,59,64,66,70,73,75,79,82,85,89,92,96,100,
-24,-24,-24,-24,-23,-23,-23,-23,-23,-23,-23,-23,-23,-22,0,0,0,0,0,0,-21,-20,-20,-20,-20,-19,-19,-19,0,0,0,-17,-17,-16,-16,-16,-16,-16,-16,-15,-14,-13,-12,-11,-11,-11,-10,-10,-8,-8,-7,-6,-5,-4,-3,-3,-3,-3,-2,-1,1,2,3,5,5,5,7,8,9,11,12,13,14,18,19,21,23,24,27,28,32,33,35,38,40,43,45,47,51,53,56,58,61,64,67,71,73,77,81,84,86,91,93,98,101,
-25,-25,-24,-24,-24,-24,-24,-24,-24,-24,-24,-23,-23,0,0,0,0,0,0,-22,-22,-21,-21,-21,-20,-20,-20,-20,0,0,0,-19,-17,-17,-17,-16,-16,-16,-16,-16,-16,-14,-13,-13,-11,-11,-11,-10,-9,-8,-7,-7,-5,-4,-3,-3,-3,-3,-3,-1,1,1,2,5,5,5,7,8,8,10,12,13,14,18,19,21,23,23,27,28,32,32,36,39,41,42,46,48,52,53,56,60,62,65,68,73,74,78,82,85,89,92,94,99,103,
-26,-26,-26,-26,-25,-25,-25,-25,-25,-25,-24,-24,-24,0,0,0,0,0,0,-23,-23,-23,-22,-22,-22,-21,-20,-20,-20,0,0,0,-19,-19,-17,-17,-17,-16,-16,-16,-16,-16,-14,-13,-13,-11,-11,-11,-9,-9,-8,-7,-7,-5,-4,-3,-3,-3,-3,-2,1,1,2,4,5,5,6,8,8,11,12,13,14,18,19,21,22,24,28,29,32,33,36,39,41,44,46,49,52,54,58,60,63,65,69,74,74,80,83,86,90,93,96,101,104,
-27,-27,-27,-27,-27,-26,-26,-26,-26,-26,-25,-25,-25,0,0,0,0,0,0,-24,-24,-23,-23,-23,-23,-22,-22,-22,-20,0,0,0,-20,-20,-19,-19,-17,-17,-16,-16,-16,-16,-16,-15,-13,-13,-11,-11,-11,-9,-9,-7,-7,-7,-4,-4,-3,-3,-3,-2,0,1,2,3,5,5,6,8,8,11,12,12,15,18,20,20,22,26,28,29,32,34,36,39,40,44,47,49,54,55,59,62,63,67,71,74,76,81,84,88,91,94,99,102,107,
-28,-28,-28,-28,-28,-28,-28,-28,-27,-27,-27,-26,0,0,0,0,0,0,-25,-25,-25,-25,-24,-24,-24,-23,-23,-23,-22,-22,0,0,-20,-20,-20,-20,-19,-19,-17,-17,-16,-16,-16,-16,-15,-14,-12,-11,-11,-10,-9,-8,-7,-7,-5,-4,-3,-3,-3,-2,-1,1,2,3,5,5,6,7,8,9,12,13,15,18,20,20,23,26,29,29,33,35,37,39,42,46,47,51,53,56,60,62,65,69,71,76,78,81,86,89,93,98,100,104,108,
-29,-29,-28,-28,-28,-28,-28,-28,-28,-28,-28,-28,0,0,0,0,0,0,-26,-26,-25,-25,-25,-25,-25,-24,-24,-24,-23,-23,0,0,0,-20,-20,-20,-20,-20,-19,-18,-17,-16,-16,-16,-16,-15,-14,-12,-11,-10,-10,-9,-7,-7,-6,-4,-4,-3,-2,-2,-1,0,2,3,3,5,6,6,8,9,11,14,16,18,19,20,24,26,28,29,34,35,37,40,43,47,47,51,55,56,61,64,67,69,73,78,78,83,87,92,96,98,104,105,111,
-30,-30,-30,-30,-30,-29,-29,-29,-29,-28,-28,0,0,0,0,0,0,0,-28,-28,-28,-26,-26,-25,-25,-25,-25,-24,-24,-24,0,0,0,-21,-20,-20,-20,-20,-20,-20,-19,-17,-16,-16,-16,-15,-15,-14,-12,-10,-10,-10,-8,-7,-6,-6,-4,-4,-2,-2,-1,1,2,3,3,5,6,6,9,9,12,14,15,17,19,22,24,27,28,31,33,36,37,42,44,46,49,52,55,58,62,64,68,72,75,78,82,85,90,93,96,101,105,110,113,
-31,-31,-31,-31,-30,-30,-30,-30,-30,-30,-30,0,0,0,0,0,0,-28,-28,-28,-28,-28,-28,-28,-27,-26,-25,-25,-25,-24,-24,0,0,0,-22,-21,-20,-20,-20,-20,-20,-19,-17,-16,-16,-15,-15,-15,-13,-11,-10,-10,-9,-8,-6,-6,-5,-4,-2,-2,-1,0,1,3,3,5,6,6,9,9,12,15,15,17,19,23,24,27,27,32,34,36,40,42,44,48,50,53,57,59,63,66,69,73,76,80,84,86,91,94,99,103,108,112,117,
-31,-31,-31,-31,-31,-31,-31,-31,-31,-31,-30,0,0,0,0,0,0,-29,-29,-29,-28,-28,-28,-28,-28,-28,-28,-27,-26,-25,-25,0,0,0,-23,-22,-22,-20,-20,-20,-20,-20,-19,-18,-16,-16,-15,-15,-14,-12,-11,-10,-10,-8,-7,-6,-6,-3,-3,-2,-1,0,1,3,3,4,6,6,7,10,12,15,16,17,21,23,25,27,30,32,34,37,41,43,44,49,51,55,58,61,65,67,71,75,78,82,86,89,93,98,101,106,109,115,119,
-32,-32,-31,-31,-31,-31,-31,-31,-31,-31,0,0,0,0,0,0,0,-30,-30,-29,-29,-29,-29,-29,-28,-28,-28,-28,-28,-28,-27,-25,0,0,0,-23,-23,-22,-22,-20,-20,-20,-20,-19,-18,-16,-15,-15,-14,-13,-11,-10,-10,-9,-7,-6,-6,-4,-3,-2,-1,0,2,2,3,4,6,6,8,10,13,14,16,19,22,23,24,28,30,34,34,39,41,43,48,49,52,57,59,62,66,70,73,77,79,84,88,91,95,100,105,107,113,116,122,
-34,-34,-34,-32,-32,-32,-32,-31,-31,-31,0,0,0,0,0,0,-31,-31,-31,-31,-30,-30,-30,-29,-29,-29,-29,-28,-28,-28,-28,-28,0,0,0,-23,-23,-23,-22,-22,-20,-20,-20,-20,-19,-18,-15,-15,-14,-13,-13,-11,-10,-9,-8,-7,-5,-4,-3,-3,0,0,2,2,3,4,5,7,8,11,13,14,17,21,22,24,26,30,30,34,37,39,41,46,48,50,55,57,61,64,67,72,73,78,82,86,91,95,98,102,107,112,115,120,126,
-35,-35,-35,-35,-34,-34,-34,-34,-34,-33,0,0,0,0,0,0,-31,-31,-31,-31,-31,-31,-31,-31,-30,-30,-29,-29,-29,-29,-28,-28,0,0,0,-23,-23,-23,-23,-23,-22,-21,-20,-20,-20,-19,-17,-15,-14,-14,-13,-12,-10,-9,-8,-7,-5,-4,-4,-3,0,0,2,2,3,4,4,8,8,12,13,15,17,20,22,24,27,30,31,36,37,41,43,47,49,52,56,60,64,64,70,73,78,80,85,89,93,97,100,105,109,113,119,123,127,
-36,-36,-36,-36,-35,-35,-35,-35,-35,0,0,0,0,0,0,-33,-31,-31,-31,-31,-31,-31,-31,-31,-31,-31,-31,-30,-29,-29,-29,-29,-28,0,0,0,-23,-23,-23,-23,-23,-22,-21,-20,-20,-19,-17,-17,-14,-14,-13,-13,-11,-10,-8,-7,-6,-4,-4,-3,-1,0,2,2,2,4,5,8,9,11,13,15,19,20,23,26,28,29,34,37,38,43,44,47,51,54,59,61,64,68,71,77,79,83,86,90,95,99,104,107,113,118,122,128,133,
-37,-37,-37,-37,-36,-36,-36,-36,-36,0,0,0,0,0,0,-34,-34,-34,-33,-33,-32,-31,-31,-31,-31,-31,-31,-31,-31,-30,-29,-29,-29,0,0,0,-25,-24,-23,-23,-23,-23,-21,-21,-20,-19,-18,-16,-15,-14,-14,-13,-12,-10,-8,-7,-7,-4,-4,-3,-1,0,2,2,3,5,5,7,9,11,14,16,20,21,23,26,28,32,34,37,41,43,45,50,53,56,60,62,68,70,74,77,82,85,90,94,98,103,107,112,116,120,125,131,137,
-38,-38,-37,-37,-37,-37,-37,-37,0,0,0,0,0,0,0,-35,-35,-35,-35,-35,-34,-33,-33,-32,-31,-31,-31,-31,-31,-31,-31,-31,-29,0,0,0,0,-25,-24,-23,-23,-23,-23,-22,-21,-20,-18,-16,-16,-15,-14,-13,-12,-11,-7,-7,-7,-5,-4,-3,-1,1,2,2,3,5,6,8,11,12,15,17,21,21,25,27,29,33,35,39,41,45,47,50,56,57,61,64,68,73,75,81,84,89,92,97,102,105,110,115,119,125,129,135,140,
-40,-40,-40,-40,-38,-37,-37,-37,0,0,0,0,0,0,-36,-36,-35,-35,-35,-35,-35,-35,-35,-35,-33,-32,-32,-31,-31,-31,-31,-31,-31,-30,0,0,0,-26,-25,-24,-24,-23,-23,-23,-21,-21,-17,-17,-16,-16,-15,-13,-12,-11,-7,-7,-7,-6,-3,-3,-2,1,2,2,4,4,6,8,12,12,16,18,21,23,26,28,32,33,37,41,43,47,49,54,56,60,63,67,71,75,80,82,88,92,96,101,104,110,114,118,123,128,135,139,145,
-41,-41,-40,-40,-40,-40,-39,-39,0,0,0,0,0,0,-37,-37,-37,-36,-36,-35,-35,-35,-35,-35,-35,-35,-34,-32,-32,-31,-31,-31,-31,-31,0,0,0,-27,-25,-25,-24,-24,-23,-23,-22,-21,-18,-17,-16,-16,-15,-13,-12,-10,-8,-7,-7,-6,-3,-2,-2,1,2,3,4,4,7,10,12,13,17,19,22,24,28,30,33,35,39,42,46,48,51,54,59,63,66,70,74,78,80,86,90,94,100,103,109,114,118,124,129,134,141,144,149,
-41,-41,-41,-41,-41,-41,-41,0,0,0,0,0,0,0,-39,-38,-37,-37,-37,-37,-35,-35,-35,-35,-35,-35,-35,-34,-34,-32,-32,-31,-31,-31,-31,0,0,0,-27,-25,-25,-24,-24,-23,-23,-21,-18,-18,-16,-16,-15,-15,-10,-10,-9,-7,-6,-5,-4,-2,-1,1,3,3,4,5,8,10,12,15,17,19,22,25,29,30,34,37,41,44,46,51,54,58,60,65,68,72,77,82,85,89,93,99,101,107,113,118,123,129,133,138,144,149,154,
-43,-43,-42,-41,-41,-41,-41,0,0,0,0,0,0,-39,-39,-39,-39,-39,-38,-38,-37,-37,-36,-35,-35,-35,-35,-35,-35,-34,-34,-33,-31,-31,-31,0,0,0,-28,-26,-25,-24,-24,-24,-23,-21,-18,-18,-18,-16,-16,-15,-11,-10,-10,-8,-6,-5,-4,-2,-1,1,3,3,4,7,8,11,12,17,17,21,24,27,31,33,37,39,43,47,49,52,56,59,64,67,72,75,80,84,89,93,97,102,106,112,118,120,127,133,137,143,149,154,160,
-44,-43,-43,-43,-43,-43,0,0,0,0,0,0,0,-40,-40,-39,-39,-39,-39,-39,-39,-38,-38,-37,-36,-35,-35,-35,-35,-35,-34,-34,-33,-32,-30,0,0,0,0,-28,-26,-25,-24,-24,-23,-22,-18,-18,-18,-17,-16,-12,-11,-10,-10,-8,-6,-5,-4,-1,0,2,3,4,6,7,9,13,14,17,19,23,24,30,30,34,38,41,44,47,51,55,59,63,66,71,74,78,83,87,91,97,102,106,111,117,119,125,132,138,142,148,155,161,167,
-45,-44,-44,-44,-44,-43,0,0,0,0,0,0,0,-40,-40,-40,-40,-40,-39,-39,-39,-39,-39,-38,-37,-37,-37,-35,-35,-35,-35,-34,-34,-34,-31,0,0,0,0,-28,-27,-26,-25,-23,-23,-22,-18,-18,-18,-17,-15,-12,-11,-11,-9,-7,-6,-5,-4,-1,0,2,3,6,6,8,11,13,16,19,22,24,27,30,34,36,40,43,46,51,52,58,62,65,70,73,78,83,86,91,96,100,106,111,116,121,125,131,138,144,149,155,160,166,173,
-45,-45,-45,-45,-45,0,0,0,0,0,0,0,0,-42,-41,-41,-41,-40,-40,-40,-40,-39,-39,-39,-39,-37,-37,-37,-37,-35,-35,-34,-34,-33,-33,-31,0,0,0,0,-27,-26,-25,-23,-23,-22,-20,-18,-18,-17,-15,-12,-11,-11,-9,-6,-6,-4,-3,-1,1,2,5,6,6,11,11,14,18,19,22,26,28,31,36,38,43,45,49,53,57,61,65,70,72,77,82,86,91,96,99,105,110,114,121,126,131,136,143,149,155,162,167,174,179,
-46,-46,-46,-45,-45,0,0,0,0,0,0,0,0,-42,-42,-42,-42,-41,-41,-41,-40,-40,-40,-39,-39,-38,-37,-37,-37,-37,-37,-35,-34,-33,-33,0,0,0,0,0,0,-27,-25,-24,-22,-22,-20,-19,-17,-17,-15,-12,-12,-11,-8,-6,-6,-3,-2,-1,1,3,5,6,8,11,12,17,18,22,24,28,32,34,37,41,44,49,52,55,59,63,67,71,77,82,84,89,95,101,105,110,115,120,126,132,138,143,149,155,162,168,175,182,188,
-47,-47,-47,0,0,0,0,0,0,0,0,0,0,0,-43,-43,-43,-42,-42,-41,-41,-41,-41,-40,-40,-39,-38,-38,-37,-37,-37,-37,-33,-33,0,0,0,0,0,0,0,0,-25,-25,-22,-22,-21,-18,-17,-16,-13,-12,-12,-11,-8,-6,-5,-3,-2,-1,2,4,5,8,10,11,15,17,19,24,27,30,33,37,41,43,47,51,55,59,63,68,71,76,80,84,90,95,100,103,108,115,120,126,130,137,143,150,156,161,168,174,181,189,196,
-47,0,0,0,0,0,0,0,0,0,0,0,0,0,0,0,0,-43,-43,-43,-41,-41,-41,-41,-41,-39,-39,-38,-38,-37,-37,0,0,0,0,0,0,0,0,0,0,0,0,0,0,-22,-20,-19,-17,-16,-13,-13,-12,-10,-8,-5,-5,-2,-2,1,3,4,6,9,11,14,17,19,23,24,30,31,36,38,43,47,51,54,58,61,66,70,75,80,84,89,95,100,103,109,114,121,126,132,137,143,149,156,163,169,176,183,190,198,205,
0,0,0,0,0,0,0,0,0,0,0,0,0,0,0,0,0,-44,-43,-43,-43,-42,-41,-41,-41,-40,-39,-39,-39,-38,-36,0,0,0,0,0,0,0,0,0,0,0,0,0,0,-20,-19,-19,-16,-16,-14,-13,-11,-8,-7,-5,-4,-2,-1,2,3,5,8,9,14,14,18,21,23,28,30,36,37,42,46,49,53,57,60,66,71,74,80,84,88,94,99,103,108,115,121,126,133,138,144,151,157,163,169,176,184,190,197,205,212,
-51,-47,-47,-47,-47,-47,-46,-46,-46,-46,-46,-46,-46,-45,-45,-45,-45,-44,-44,-44,-43,-43,-42,-41,-41,-40,-40,-40,-39,-37,-36,-36,-36,-35,-35,-33,-32,-31,-30,-29,-27,-27,-24,-24,-23,-20,-19,-18,-16,-15,-14,-12,-11,-7,-6,-5,-3,-1,1,3,4,7,9,11,14,16,20,23,27,29,33,36,42,43,48,53,55,61,65,70,74,78,83,89,93,98,104,109,114,120,126,133,139,144,151,157,164,170,178,185,192,198,206,214,221,
-52,-52,-50,-50,-47,-46,-46,-46,-46,-46,-46,-46,-46,-46,-46,-45,-45,-45,-45,-44,-44,-43,-43,-42,-41,-40,-40,-40,-39,-38,-37,-36,-36,-35,-35,-33,-32,-30,-30,-29,-28,-27,-25,-23,-23,-21,-19,-18,-16,-15,-14,-12,-9,-7,-6,-3,-2,0,1,4,5,9,11,13,16,20,22,26,29,32,36,40,43,48,51,54,60,63,67,73,77,83,88,92,97,103,109,114,119,125,131,137,143,151,157,164,171,178,185,192,199,207,215,222,231,
