-5,0,0,0,0,0,0,0,0,0,0,0,0,0,0,0,0,-3,-3,-3,-3,-3,-3,-3,-3,-3,-2,-2,-2,-2,-2,-1,-1,-1,0,0,1,1,1,2,2,3,3,4,4,5,5,5,5,7,7,7,8,8,11,11,11,12,13,14,14,16,17,18,19,20,22,22,24,25,25,29,29,31,32,33,35,37,
-6,0,0,0,0,0,0,0,0,0,0,0,0,0,0,0,0,-3,-3,-3,-3,-3,-3,-3,-3,-3,-3,-3,-2,-2,-2,-2,-1,-1,-1,-1,0,1,1,2,2,2,3,3,4,4,5,5,5,6,7,7,8,8,9,11,11,12,13,13,14,15,17,18,19,20,21,22,24,24,25,29,29,30,31,33,35,36,
-6,-6,-6,-6,-6,0,0,0,0,0,0,0,0,-5,-4,-3,-3,-3,-3,-3,-3,-3,-3,-3,-3,-3,-3,-3,-3,-2,-2,-2,-2,-1,-1,-1,-1,0,1,1,2,2,2,3,3,4,5,5,5,5,7,7,7,8,8,11,11,11,12,13,14,14,17,17,18,19,20,22,23,24,25,27,29,30,31,32,34,36,
-7,-7,-7,-6,-6,-6,0,0,0,0,0,0,-6,-6,-6,-5,-5,-5,-3,-3,-3,-3,-3,-3,-3,-3,-3,-3,-3,-3,-3,-2,-2,-2,-1,-1,-1,-1,0,1,1,2,2,3,3,3,4,5,5,5,6,7,7,8,8,8,11,11,12,13,13,14,15,17,18,19,20,22,22,24,25,26,29,29,31,32,33,36,
-7,-7,-7,-7,-7,-7,0,0,0,0,0,0,-6,-6,-6,-6,-6,-6,-5,-5,-4,-3,-3,-3,-3,-3,-3,-3,-3,-3,-3,-3,-2,-2,-2,-1,-1,-1,-1,0,1,1,2,2,3,3,3,4,5,5,5,6,7,7,8,8,10,11,11,12,13,14,14,17,18,19,19,21,22,24,24,26,29,29,30,31,33,35,
-8,-8,-8,-8,-8,-8,0,0,0,0,0,0,-7,-7,-6,-6,-6,-6,-6,-6,-6,-5,-4,-3,-3,-3,-3,-3,-3,-3,-3,-3,-3,-3,-2,-2,-1,-1,-1,-1,0,1,1,2,2,3,3,4,5,5,5,5,7,7,8,8,8,11,11,12,13,13,14,15,18,18,19,20,22,23,24,25,27,29,30,31,32,35,
-8,-8,-8,-8,-8,-8,0,0,0,0,0,0,-7,-7,-7,-7,-7,-7,-6,-6,-6,-6,-6,-5,-4,-3,-3,-3,-3,-3,-3,-3,-3,-3,-3,-2,-2,-1,-1,-1,-1,0,1,1,2,2,3,3,4,5,5,5,6,7,7,8,8,9,11,11,12,13,14,15,17,18,19,20,22,22,24,24,26,29,29,31,32,33,
-8,-8,-8,-8,-8,-8,0,0,0,0,0,0,-8,-8,-8,-7,-7,-7,-7,-7,-7,-6,-6,-6,-6,-5,-4,-3,-3,-3,-3,-3,-3,-3,-3,-3,-2,-2,-1,-1,-1,-1,0,1,2,2,2,3,3,4,5,5,5,6,7,7,8,8,11,11,12,13,13,14,15,18,18,19,21,22,23,24,26,29,29,30,31,33,
-9,-9,-9,-9,-8,-8,0,0,0,0,0,0,-8,-8,-8,-8,-8,-8,-7,-7,-7,-7,-7,-6,-6,-6,-6,-5,-4,-3,-3,-3,-3,-3,-3,-3,-3,-2,-2,-1,-1,-1,-1,0,1,2,2,3,3,3,5,5,5,6,7,7,8,8,10,11,11,12,13,14,15,18,18,19,20,22,23,24,26,28,29,30,31,33,
-9,-9,-9,-9,-9,-9,0,0,0,0,0,0,-8,-8,-8,-8,-8,-8,-8,-8,-7,-7,-7,-7,-7,-6,-6,-6,-6,-4,-4,-3,-3,-3,-3,-3,-3,-3,-2,-2,-1,-1,-1,-1,1,2,2,2,3,3,4,5,5,5,6,7,7,8,8,11,11,12,13,14,15,17,18,19,19,22,22,24,26,27,29,29,31,34,
-10,-10,-10,-10,-10,-10,0,0,0,0,0,0,-9,-9,-9,-8,-8,-8,-8,-8,-8,-8,-8,-7,-7,-7,-6,-6,-6,-6,-6,-4,-3,-3,-3,-3,-3,-3,-3,-2,-2,-1,-1,-1,-1,1,2,2,2,3,3,4,5,5,5,7,7,8,8,11,11,11,12,13,14,16,18,18,19,22,22,23,25,26,29,29,31,34,
-11,-11,-11,-11,-10,-10,0,0,0,0,0,0,-9,-9,-9,-9,-9,-9,-8,-8,-8,-8,-8,-8,-8,-7,-7,-7,-6,-6,-6,-6,-4,-4,-3,-3,-3,-3,-3,-3,-2,-2,-1,-1,-1,0,2,2,2,3,3,3,5,5,5,6,7,7,8,8,11,11,12,13,14,16,18,18,19,20,22,23,25,26,28,29,30,32,
-11,-11,-11,-11,-11,-11,0,0,0,0,0,0,-10,-10,-10,-9,-9,-9,-9,-9,-9,-8,-8,-8,-8,-8,-7,-7,-7,-6,-6,-6,-6,-5,-4,-3,-3,-3,-3,-3,-3,-2,-2,-1,-1,-1,1,2,2,2,3,3,4,5,5,5,6,7,8,8,11,11,11,12,13,16,16,18,19,19,22,23,25,26,27,29,31,32,
-11,-11,-11,-11,-11,-11,0,0,0,0,0,0,-11,-11,-11,-10,-10,-10,-10,-9,-9,-9,-9,-9,-8,-8,-8,-8,-7,-7,-6,-6,-6,-6,-6,-4,-3,-3,-3,-3,-3,-3,-2,-2,-1,-1,-1,2,2,2,2,3,3,4,5,5,6,7,7,8,9,11,11,12,14,15,16,18,18,19,22,23,25,25,27,29,30,32,
-12,-12,-12,-11,-11,-11,0,0,0,0,0,0,-11,-11,-11,-11,-11,-11,-11,-10,-10,-9,-9,-9,-9,-9,-8,-8,-8,-8,-7,-6,-6,-6,-6,-6,-4,-4,-3,-3,-3,-3,-3,-2,-2,-1,-1,0,2,2,2,3,3,3,5,5,5,6,7,8,8,11,11,12,14,15,16,18,18,19,22,23,24,25,27,29,30,32,
-13,-13,-13,-13,-13,-13,0,0,0,0,0,0,-11,-11,-11,-11,-11,-11,-11,-11,-11,-11,-10,-9,-9,-9,-9,-9,-8,-8,-8,-7,-6,-6,-6,-6,-6,-4,-4,-3,-3,-3,-3,-3,-2,-1,-1,0,1,2,2,2,3,3,4,5,5,6,7,7,8,9,11,12,13,14,16,16,18,19,22,23,23,25,27,29,30,31,
-13,-13,-13,-13,-13,-13,0,0,0,0,0,0,-12,-12,-11,-11,-11,-11,-11,-11,-11,-11,-11,-11,-11,-10,-9,-9,-9,-9,-8,-8,-7,-6,-6,-6,-6,-6,-5,-4,-3,-3,-3,-3,-3,-2,-1,0,0,1,2,2,3,3,3,5,5,5,6,7,8,9,11,12,13,14,16,16,18,19,21,23,23,25,27,28,30,30,
-13,-13,-13,-13,-13,-13,0,0,0,0,0,0,-13,-13,-13,-13,-12,-11,-11,-11,-11,-11,-11,-11,-11,-11,-11,-9,-9,-9,-9,-8,-7,-7,-6,-6,-6,-6,-6,-5,-4,-3,-3,-3,-3,-3,-1,0,0,1,2,2,2,3,3,4,5,5,6,7,8,8,11,12,12,14,15,16,19,19,20,22,23,26,27,28,30,30,
-13,-13,-13,-13,-13,-13,0,0,0,0,0,0,-13,-13,-13,-13,-13,-13,-13,-13,-11,-11,-11,-11,-11,-11,-11,-11,-11,-9,-9,-9,-9,-7,-7,-6,-6,-6,-6,-6,-5,-4,-3,-3,-3,-3,-2,-1,0,0,1,2,2,2,3,3,5,5,5,7,7,8,10,12,12,13,15,16,17,19,20,22,24,24,27,28,29,31,
-14,-14,-14,-14,-14,-14,0,0,0,0,0,0,-13,-13,-13,-13,-13,-13,-13,-13,-13,-13,-13,-11,-11,-11,-11,-11,-11,-11,-10,-9,-9,-8,-7,-7,-6,-6,-6,-6,-6,-5,-3,-3,-3,-3,-2,-1,0,0,1,2,2,2,3,3,4,5,5,6,7,9,10,12,12,13,15,17,17,19,19,22,24,24,27,28,30,31,
-14,-14,-14,-14,-14,-14,0,0,0,0,0,0,-13,-13,-13,-13,-13,-13,-13,-13,-13,-13,-13,-13,-13,-11,-11,-11,-11,-11,-11,-11,-9,-8,-8,-8,-7,-7,-6,-6,-6,-6,-5,-3,-3,-3,-2,-2,-1,0,0,1,2,2,2,3,3,5,5,5,7,8,10,11,12,12,16,16,17,19,20,22,23,24,27,28,30,32,
-16,-16,-16,-16,-16,-16,0,0,0,0,0,0,-14,-14,-14,-14,-13,-13,-13,-13,-13,-13,-13,-13,-13,-13,-13,-11,-11,-11,-11,-11,-11,-9,-8,-8,-8,-7,-7,-6,-6,-6,-6,-3,-3,-2,-2,-2,-2,-1,0,1,1,2,2,3,3,4,5,5,7,8,10,10,12,13,15,16,17,18,21,22,23,24,28,28,30,32,
-17,-17,-17,-17,-16,-16,0,0,0,0,0,0,-15,-14,-14,-14,-14,-14,-14,-14,-13,-13,-13,-13,-13,-13,-13,-13,-13,-11,-11,-11,-11,-11,-9,-8,-8,-8,-7,-7,-6,-6,-6,-6,-3,-2,-2,-2,-2,-1,0,1,1,2,2,2,3,3,5,6,7,8,9,10,11,13,15,16,17,18,21,21,23,26,27,28,29,33,
-18,-18,-18,-18,-18,-18,0,0,0,0,0,0,-16,-16,-16,-16,-15,-14,-14,-14,-14,-14,-13,-13,-13,-13,-13,-13,-13,-13,-12,-11,-11,-11,-10,-9,-8,-8,-8,-7,-7,-6,-6,-6,-5,-2,-2,-2,-2,-2,-1,1,1,1,2,2,3,3,4,6,6,8,9,10,12,13,14,16,18,18,21,21,24,26,27,28,31,32,
-18,-18,-18,-18,-18,-18,0,0,0,0,0,0,-16,-16,-16,-16,-16,-16,-16,-15,-14,-14,-14,-14,-13,-13,-13,-13,-13,-13,-13,-13,-11,-11,-10,-9,-9,-8,-8,-8,-7,-7,-6,-6,-4,-3,-2,-2,-2,-2,-2,0,1,1,2,2,2,3,5,6,6,8,9,11,11,14,14,17,17,19,21,22,24,25,26,29,31,32,
-18,-18,-18,-18,-18,-18,0,0,0,0,0,0,-17,-17,-17,-17,-16,-16,-16,-16,-16,-15,-15,-14,-14,-14,-14,-13,-13,-13,-13,-13,-13,-12,-10,-10,-9,-9,-8,-8,-8,-7,-7,-6,-5,-4,-3,-2,-2,-2,-2,0,1,1,1,2,2,4,4,5,6,7,10,10,11,14,15,16,17,19,21,22,25,25,27,30,30,33,
-18,-18,-18,-18,-18,-18,0,0,0,0,0,0,-18,-17,-17,-17,-17,-17,-17,-16,-16,-16,-16,-15,-15,-14,-14,-14,-13,-13,-13,-13,-13,-12,-12,-10,-9,-9,-9,-8,-8,-8,-7,-5,-5,-4,-4,-2,-2,-2,-2,-1,0,1,1,2,3,3,4,5,6,8,10,10,11,13,15,15,18,20,21,23,24,26,28,30,31,34,
-20,-20,-20,-20,-20,-20,0,0,0,0,0,0,-18,-18,-17,-17,-17,-17,-17,-17,-17,-17,-16,-16,-15,-15,-15,-15,-14,-14,-13,-13,-13,-12,-12,-12,-11,-9,-9,-9,-8,-8,-8,-6,-5,-4,-4,-4,-2,-2,-2,-1,0,1,1,1,3,3,4,4,8,8,9,10,12,14,15,16,19,20,21,23,24,27,28,30,32,34,
-20,-20,-20,-20,-20,-20,0,0,0,0,0,0,-19,-19,-18,-17,-17,-17,-17,-17,-17,-17,-17,-17,-16,-15,-15,-15,-15,-14,-14,-14,-13,-12,-12,-12,-12,-10,-9,-9,-9,-8,-7,-7,-5,-4,-4,-4,-3,-2,-1,-1,-1,0,1,2,3,3,3,4,7,8,8,11,12,13,15,17,19,19,22,24,24,27,29,31,32,35,
-20,-20,-20,-20,-20,-20,0,0,0,0,0,0,-20,-20,-20,-20,-18,-18,-17,-17,-17,-17,-17,-17,-17,-17,-15,-15,-15,-15,-15,-14,-14,-12,-12,-12,-12,-11,-10,-9,-9,-9,-7,-7,-5,-5,-4,-4,-4,-2,-1,-1,-1,0,2,2,2,3,3,6,7,8,8,12,12,13,16,17,19,20,23,24,25,28,29,32,33,36,
-20,-20,-20,-20,-20,-20,0,0,0,0,0,0,-20,-20,-20,-20,-20,-19,-19,-19,-18,-17,-17,-17,-17,-17,-17,-16,-15,-15,-15,-15,-13,-13,-12,-12,-12,-11,-11,-9,-9,-8,-8,-7,-6,-5,-4,-4,-4,-4,-1,-1,-1,0,1,2,2,3,5,6,7,8,10,12,12,15,16,17,19,21,23,24,26,28,30,32,34,37,
-22,-22,-22,-22,-21,-21,0,0,0,0,0,0,-20,-20,-20,-20,-20,-19,-19,-19,-19,-19,-18,-17,-17,-17,-17,-16,-16,-16,-15,-15,-14,-13,-13,-13,-12,-11,-11,-11,-9,-8,-8,-8,-6,-6,-5,-4,-4,-3,-1,-1,0,0,1,2,2,3,5,5,7,9,10,11,13,15,16,18,20,21,25,25,27,30,31,33,36,38,
-23,-23,-23,-23,-23,-22,0,0,0,0,0,0,-21,-20,-20,-20,-20,-19,-19,-19,-19,-19,-19,-19,-19,-17,-17,-17,-16,-16,-16,-16,-14,-14,-13,-13,-13,-11,-11,-11,-10,-8,-8,-8,-7,-6,-5,-5,-4,-3,-2,-1,0,0,1,1,3,4,5,5,8,9,10,12,14,15,17,19,20,23,25,25,29,30,33,34,37,39,
-23,-23,-23,-23,-23,-23,0,0,0,0,0,0,-21,-21,-21,-21,-21,-19,-19,-19,-19,-19,-19,-19,-19,-19,-19,-17,-16,-16,-16,-15,-15,-14,-14,-13,-13,-12,-11,-10,-10,-9,-8,-7,-7,-6,-5,-5,-4,-3,-2,0,0,0,1,2,3,4,5,6,9,9,11,13,14,16,18,19,21,23,24,27,29,32,33,36,38,39,
-24,-24,-24,-23,-23,-23,0,0,0,0,0,0,-23,-22,-22,-21,-21,-20,-20,-20,-19,-19,-19,-19,-19,-19,-19,-19,-16,-16,-16,-15,-15,-15,-14,-14,-13,-12,-12,-10,-10,-10,-9,-7,-7,-7,-5,-5,-4,-3,-1,-1,0,0,2,2,4,4,5,7,8,10,11,13,15,17,18,20,22,25,26,28,31,32,35,37,40,41,
-24,-24,-24,-24,-24,-24,0,0,0,0,0,0,-23,-23,-23,-22,-22,-21,-20,-20,-20,-20,-20,-19,-19,-19,-19,-19,-19,-17,-15,-15,-15,-15,-15,-14,-14,-12,-11,-11,-10,-10,-9,-7,-7,-7,-7,-5,-4,-3,-1,-1,0,1,2,3,3,5,5,7,9,11,12,14,15,17,19,21,23,26,26,30,31,34,35,39,41,43,
-24,-24,-24,-24,-24,-24,0,0,0,0,0,0,-24,-24,-24,-23,-22,-21,-21,-21,-20,-20,-20,-20,-20,-19,-19,-19,-19,-18,-16,-16,-15,-15,-15,-15,-15,-11,-11,-11,-11,-10,-8,-8,-7,-7,-7,-4,-3,-3,-1,-1,0,1,2,3,4,5,6,9,9,11,13,15,17,18,21,22,25,27,29,31,34,34,38,39,43,44,
-24,-24,-24,-24,-24,-24,0,0,0,0,0,0,-24,-24,-24,-24,-23,-22,-21,-21,-21,-20,-20,-20,-20,-20,-20,-19,-19,-17,-17,-16,-16,-15,-15,-15,-13,-12,-11,-11,-11,-11,-8,-8,-8,-7,-6,-4,-3,-3,-2,0,0,2,4,4,4,5,7,8,11,13,14,16,17,19,21,23,26,27,30,32,35,37,39,42,44,46,
-26,-26,-26,-25,-25,-25,0,0,0,0,0,0,-24,-24,-24,-24,-23,-23,-22,-22,-22,-21,-21,-20,-20,-20,-20,-20,-19,-17,-17,-16,-16,-16,-15,-15,-13,-12,-12,-11,-11,-11,-8,-8,-8,-8,-4,-4,-3,-3,-1,0,0,3,4,4,6,6,8,10,11,12,15,17,19,21,22,25,27,29,31,34,36,38,41,43,47,49,
-26,-26,-26,-26,-26,-26,0,0,0,0,0,0,-24,-24,-24,-23,-23,-23,-22,-22,-22,-22,-22,-21,-20,-20,-20,-19,-19,-18,-17,-17,-16,-16,-16,-14,-13,-13,-12,-12,-11,-10,-9,-8,-8,-6,-4,-4,-4,-2,-1,0,2,3,4,6,6,6,10,10,12,14,16,18,19,23,23,27,29,31,33,36,38,41,42,46,48,51,
-26,-26,-26,-26,-26,-26,0,0,0,0,0,0,-25,-25,-24,-24,-23,-23,-22,-22,-22,-22,-22,-22,-22,-20,-20,-19,-19,-18,-18,-18,-16,-16,-15,-14,-13,-13,-12,-12,-11,-10,-9,-9,-7,-6,-5,-4,-3,-1,-1,0,3,3,5,6,6,9,10,11,14,14,18,18,22,23,26,27,31,32,35,37,40,42,45,48,50,54,
-27,-27,-26,-26,-26,-26,0,0,0,0,0,0,-26,-26,-24,-24,-24,-24,-24,-22,-22,-22,-22,-22,-22,-21,-20,-19,-18,-18,-18,-18,-17,-15,-15,-14,-14,-13,-12,-12,-11,-10,-9,-8,-6,-6,-5,-3,-3,-2,0,1,3,4,6,6,8,9,11,13,14,17,18,21,22,26,26,30,31,34,37,39,43,45,47,51,53,56,
-27,-27,-27,-27,-27,-27,0,0,0,0,0,0,-26,-25,-25,-24,-24,-24,-24,-23,-23,-22,-22,-22,-22,-21,-20,-20,-18,-18,-18,-18,-17,-16,-14,-14,-14,-14,-12,-11,-11,-10,-8,-7,-7,-4,-4,-3,-3,-1,1,2,4,5,7,8,9,10,12,14,16,18,20,23,25,27,30,31,34,38,38,42,45,47,51,53,55,59,
-27,-27,-27,-27,-27,0,0,0,0,0,0,0,0,-25,-25,-25,-25,-24,-24,-23,-23,-23,-23,-22,-21,-21,-21,-20,-19,-19,-18,-17,-17,-16,-14,-14,-14,-14,-12,-11,-11,-10,-8,-7,-6,-4,-4,-4,-1,0,1,3,5,6,7,8,10,11,14,15,18,19,22,24,26,29,31,33,36,39,42,44,47,50,54,56,59,63,
-27,0,0,0,0,0,0,0,0,0,0,0,0,0,0,0,0,-25,-24,-23,-23,-23,-23,-22,-22,-21,-21,-19,-19,-19,-18,-17,-17,-15,-15,-14,-14,-14,-12,-10,-10,-9,-7,-6,-6,-4,-3,-3,0,1,3,4,6,6,9,10,11,13,15,17,19,22,23,26,28,30,34,36,38,42,44,47,51,53,56,59,63,66,
-29,0,0,0,0,-27,-27,-27,-27,-26,-26,-26,-26,0,0,0,0,-26,-25,-23,-23,-22,-22,-22,-22,-22,-21,-19,-19,-18,-18,-17,-17,-15,-15,-15,-14,-12,-11,-10,-10,-8,-6,-6,-5,-3,-3,-2,1,1,4,5,6,8,9,12,12,15,16,19,21,24,25,28,31,33,36,38,42,45,47,50,54,57,60,63,67,71,
-30,-29,-29,-29,-29,-28,-28,-26,-26,-26,-26,-26,-26,-26,-26,-26,-26,-26,-25,-25,-22,-22,-22,-22,-22,-22,-21,-18,-18,-18,-18,-18,-16,-15,-15,-15,-14,-11,-11,-10,-9,-7,-6,-6,-4,-3,-3,0,1,4,5,5,8,8,12,12,15,16,19,20,23,25,28,31,32,36,40,41,44,48,50,54,57,61,64,66,70,74,
-30,-29,-29,-29,-29,-28,-28,-27,-27,-27,-26,-26,-26,-26,-26,-26,-26,-26,-25,-24,-23,-22,-22,-22,-22,-22,-20,-19,-18,-18,-18,-17,-16,-15,-15,-15,-12,-11,-11,-10,-7,-7,-6,-5,-4,-3,0,1,3,4,6,7,8,11,12,15,15,19,20,23,26,27,31,33,36,39,41,44,48,52,54,56,60,64,68,72,75,79,
-30,-29,-28,-28,-28,-28,-28,-28,-28,-27,-27,-27,-27,-26,-26,-26,-26,-24,-24,-24,-24,-23,-22,-22,-22,-20,-20,-20,-18,-18,-18,-17,-16,-15,-15,-13,-12,-11,-10,-8,-7,-6,-5,-4,-3,-1,0,3,4,6,7,9,10,13,15,16,18,20,23,25,28,31,33,36,39,42,45,47,51,54,57,61,65,68,72,76,80,84,
-29,-28,-28,-28,-28,-28,-28,-28,-28,-28,-27,-27,-27,-27,-27,-26,-25,-24,-24,-24,-24,-23,-23,-21,-21,-20,-20,-20,-18,-18,-17,-17,-16,-14,-13,-13,-11,-10,-9,-8,-6,-6,-5,-3,-2,1,2,3,5,7,8,10,12,14,16,17,21,23,25,28,31,33,36,40,41,45,48,52,54,58,62,65,69,73,77,81,85,89,
-29,-29,-28,-28,-28,-28,-28,-28,-28,-28,-28,-27,-27,-27,-26,-26,-24,-24,-24,-24,-24,-23,-22,-22,-20,-20,-20,-19,-19,-17,-17,-17,-15,-13,-13,-13,-10,-9,-9,-6,-6,-6,-3,-2,0,2,3,5,6,8,9,12,15,16,18,20,23,25,28,30,34,37,39,42,45,49,52,55,58,62,66,70,73,77,81,86,91,95,
-29,-29,-29,-29,-29,-29,-28,-28,-28,-28,-28,-28,-26,-26,-26,-25,-25,-25,-24,-24,-23,-22,-22,-21,-20,-20,-20,-19,-18,-17,-17,-16,-14,-13,-12,-11,-9,-8,-8,-6,-5,-4,-2,-1,2,3,5,7,8,10,12,14,17,18,21,22,25,28,30,33,37,39,42,46,49,53,55,58,62,66,70,74,78,82,86,90,95,100,
-29,-29,-29,-29,-29,-29,-29,-29,-29,-27,-27,-27,-27,-26,-25,-25,-25,-25,-25,-23,-23,-22,-21,-21,-21,-20,-20,-18,-18,-16,-16,-14,-14,-12,-12,-10,-8,-8,-7,-5,-5,-2,-1,1,3,4,7,8,10,11,14,17,18,21,21,25,29,29,33,37,40,42,45,49,53,57,60,64,67,71,75,79,83,88,92,96,102,106,
-29,-29,-29,-29,-29,-29,-28,-28,-28,-28,-28,-27,-27,-25,-25,-25,-25,-24,-24,-24,-23,-21,-21,-21,-21,-20,-19,-18,-17,-17,-15,-13,-13,-12,-10,-9,-8,-6,-6,-5,-2,-1,1,2,5,6,9,9,12,14,16,18,21,23,25,28,31,34,37,39,43,46,50,53,57,60,64,68,72,76,80,84,89,94,98,102,108,113,
-29,-29,-29,-28,-28,-28,-28,-28,-28,-28,-28,-28,-26,-25,-25,-24,-24,-24,-24,-24,-22,-21,-21,-21,-21,-20,-17,-17,-17,-16,-13,-13,-13,-10,-9,-9,-7,-6,-6,-3,-2,1,2,5,6,9,9,12,13,16,18,21,23,25,28,31,35,37,40,43,47,51,53,57,61,64,68,72,76,81,86,91,95,100,104,109,115,120,
-28,-28,-28,-28,-28,-28,-28,-28,-28,-28,-27,-27,-26,-24,-24,-24,-24,-24,-24,-23,-23,-21,-21,-21,-19,-19,-17,-17,-15,-15,-13,-13,-11,-9,-9,-8,-6,-4,-4,-1,0,2,4,6,8,10,11,14,15,19,21,23,26,28,31,34,38,40,44,47,51,54,58,62,66,70,75,79,83,87,92,96,101,106,111,116,122,127,
-29,-29,-29,-28,-28,-28,-28,-28,-28,-27,-26,-26,-26,-25,-24,-24,-24,-23,-23,-23,-22,-21,-21,-19,-19,-18,-17,-15,-15,-14,-12,-11,-11,-8,-8,-8,-4,-4,-1,0,2,4,5,8,9,11,15,16,19,20,24,26,27,31,35,39,41,43,47,51,55,59,63,67,71,75,79,83,88,93,98,102,108,113,118,124,129,135,
-29,-29,-29,-29,-29,-28,-27,-26,-26,-26,-26,-26,-26,-25,-25,-24,-23,-23,-23,-23,-22,-20,-19,-19,-19,-17,-15,-15,-14,-12,-11,-10,-9,-8,-7,-5,-3,-1,0,1,4,5,9,9,12,14,16,20,21,24,27,29,31,35,38,41,45,49,52,56,60,64,68,72,76,81,85,89,94,99,105,110,114,121,126,130,138,142,
-29,-29,-28,-28,-27,-27,-26,-26,-26,-26,-26,-26,-25,-25,-24,-24,-23,-23,-23,-21,-20,-20,-19,-18,-17,-16,-15,-14,-12,-12,-10,-9,-9,-7,-5,-3,-2,0,2,4,6,8,10,11,15,16,19,22,24,27,29,33,35,38,42,45,49,53,57,60,64,68,72,78,82,86,90,96,101,106,111,117,121,128,133,140,145,152,
-28,-27,-27,-27,-27,-27,-27,-27,-26,-26,-26,-25,-24,-24,-24,-24,-22,-22,-21,-20,-20,-19,-18,-16,-16,-15,-14,-12,-11,-10,-9,-8,-7,-4,-4,-2,0,2,4,7,8,11,11,14,17,19,22,25,28,29,32,36,40,43,46,49,53,57,61,65,69,73,77,82,88,93,97,103,107,113,119,123,131,135,143,148,155,160,
-27,-27,-27,-27,-27,-27,-27,-27,-26,-26,-25,-24,-24,-24,-23,-23,-22,-21,-20,-19,-19,-19,-17,-15,-15,-14,-11,-11,-11,-9,-8,-7,-4,-4,-2,0,2,4,6,8,10,13,13,17,20,21,25,29,30,33,36,40,44,46,50,53,57,62,66,71,75,79,84,88,95,99,103,110,115,120,126,132,139,144,151,158,164,171,
-27,-27,-27,-27,-27,-27,-27,-27,-26,-25,-24,-23,-23,-23,-23,-22,-22,-19,-19,-19,-18,-17,-15,-15,-13,-13,-11,-10,-10,-8,-6,-5,-2,-2,1,2,5,6,10,10,13,14,17,20,22,26,28,31,33,37,40,44,48,51,55,59,63,67,71,76,81,86,90,96,100,106,111,117,123,128,135,141,147,153,161,168,173,181,
