-6,-6,-6,-6,-6,-6,-5,-5,-5,-5,-4,-4,-4,-4,0,0,0,0,0,0,-3,-3,-3,-3,-3,-3,-3,-3,-3,-3,-3,-3,-3,-2,-2,-2,-2,-2,-1,-1,-1,-1,-1,0,1,1,1,2,2,3,4,4,4,5,5,5,6,7,7,7,8,9,10,11,11,13,13,13,16,16,17,19,20,21,23,23,24,25,28,28,30,31,33,34,36,37,
-6,-6,-6,-6,-6,-6,-6,-6,-6,-6,-6,-6,-6,-5,0,0,0,0,0,0,-3,-3,-3,-3,-3,-3,-3,-3,-3,-3,-3,-3,-3,-3,-3,-2,-2,-2,-2,-2,-1,-1,-1,-1,0,1,1,1,2,2,3,4,4,4,5,5,5,7,7,7,7,9,10,11,11,12,13,13,14,16,16,18,19,20,21,23,23,24,28,28,30,30,32,34,34,37,
-7,-7,-7,-7,-7,-7,-7,-7,-7,-7,-6,-6,-6,-6,-6,0,0,0,0,0,-4,-4,-4,-4,-3,-3,-3,-3,-3,-3,-3,-3,-3,-3,-3,-3,-3,-2,-2,-2,-2,-1,-1,-1,-1,0,1,1,1,2,2,3,4,4,4,5,5,6,7,7,7,8,9,10,11,11,13,13,13,16,16,18,19,20,21,23,23,24,25,28,30,30,31,33,34,37,
-7,-7,-7,-7,-7,-7,-7,-7,-7,-7,-7,-7,-7,-7,-7,0,0,0,0,0,-6,-6,-6,-5,-4,-4,-4,-3,-3,-3,-3,-3,-3,-3,-3,-3,-3,-3,-2,-2,-2,-2,-1,-1,-1,-1,0,1,1,1,2,2,3,4,4,5,5,5,6,7,7,7,8,9,11,11,12,13,13,14,16,17,18,20,20,22,23,24,25,28,28,30,31,33,34,37,
-8,-7,-7,-7,-7,-7,-7,-7,-7,-7,-7,-7,-7,-7,-7,0,0,0,0,0,-7,-7,-6,-6,-6,-6,-5,-4,-4,-4,-3,-3,-3,-3,-3,-3,-3,-3,-3,-3,-2,-2,-2,-1,-1,-1,-1,0,1,1,1,2,3,3,4,4,5,5,5,7,7,7,8,9,10,11,11,13,13,13,16,16,18,19,20,21,23,23,24,28,28,30,30,32,34,35,
-8,-8,-8,-8,-8,-8,-8,-8,-8,-7,-7,-7,-7,-7,-7,0,0,0,0,0,-7,-7,-7,-7,-7,-7,-6,-6,-6,-4,-4,-4,-4,-3,-3,-3,-3,-3,-3,-3,-3,-2,-2,-2,-1,-1,-1,-1,0,1,1,1,2,3,3,4,4,5,5,5,7,7,7,8,9,11,11,12,13,13,14,16,18,18,20,21,22,23,24,26,28,29,30,31,34,35,
-8,-8,-8,-8,-8,-8,-8,-8,-8,-8,-8,-8,-8,-8,-8,0,0,0,0,0,-7,-7,-7,-7,-7,-7,-7,-7,-7,-6,-6,-4,-4,-4,-4,-3,-3,-3,-3,-3,-3,-3,-2,-2,-2,-1,-1,-1,-1,0,1,1,2,2,3,4,4,5,5,5,7,7,7,8,9,10,11,11,13,13,14,16,16,18,19,20,22,23,24,24,28,28,30,31,33,35,
-9,-9,-9,-9,-9,-8,-8,-8,-8,-8,-8,-8,-8,-8,-8,0,0,0,0,0,-8,-7,-7,-7,-7,-7,-7,-7,-7,-7,-7,-7,-6,-4,-4,-4,-4,-3,-3,-3,-3,-3,-3,-3,-2,-2,-1,-1,-1,-1,0,1,1,2,2,3,4,4,5,5,5,7,7,7,8,9,11,11,12,13,13,15,16,18,18,20,21,23,23,24,28,28,30,31,32,35,
-9,-9,-9,-9,-9,-9,-9,-9,-9,-9,-9,-9,-9,-8,-8,0,0,0,0,0,0,-8,-8,-8,-7,-7,-7,-7,-7,-7,-7,-7,-7,-7,-6,-4,-4,-4,-4,-3,-3,-3,-3,-3,-3,-2,-2,-1,-1,-1,-1,0,1,1,2,3,3,4,4,5,5,5,7,7,8,9,10,11,11,13,13,14,16,18,18,20,21,22,23,24,26,28,29,30,32,35,
-11,-10,-10,-9,-9,-9,-9,-9,-9,-9,-9,-9,-9,-9,-9,0,0,0,0,0,0,-8,-8,-8,-8,-8,-8,-7,-7,-7,-7,-7,-7,-7,-7,-7,-6,-4,-4,-4,-3,-3,-3,-3,-3,-3,-2,-2,-1,-1,-1,-1,0,1,1,2,3,3,4,5,5,5,7,7,7,8,9,11,11,12,13,13,15,17,18,19,20,22,23,24,25,28,29,30,31,35,
-11,-11,-11,-11,-11,-11,-11,-11,-11,-11,-11,-9,-9,-9,-9,0,0,0,0,0,0,-9,-9,-9,-8,-8,-8,-8,-8,-8,-7,-7,-7,-7,-7,-7,-7,-6,-5,-4,-4,-4,-3,-3,-3,-3,-3,-2,-2,-1,-1,-1,-1,1,1,2,2,3,4,4,5,5,5,7,7,8,8,10,11,11,13,13,15,17,18,18,20,21,23,23,25,28,28,30,31,34,
-11,-11,-11,-11,-11,-11,-11,-11,-11,-11,-11,-11,-11,-11,-11,0,0,0,0,0,0,-9,-9,-9,-9,-9,-9,-8,-8,-8,-8,-8,-7,-7,-7,-7,-7,-7,-7,-6,-4,-4,-4,-3,-3,-3,-3,-3,-2,-2,-1,-1,-1,-1,1,1,2,2,3,4,4,5,5,7,7,7,8,9,11,11,13,13,13,17,18,18,20,21,22,23,25,28,28,29,30,33,
-11,-11,-11,-11,-11,-11,-11,-11,-11,-11,-11,-11,-11,-11,-11,0,0,0,0,0,0,-11,-10,-10,-9,-9,-9,-9,-9,-9,-8,-8,-8,-8,-7,-7,-7,-7,-7,-7,-6,-5,-4,-4,-3,-3,-3,-3,-3,-2,-2,-1,-1,-1,-1,1,2,2,3,3,4,5,5,5,7,7,8,8,10,11,11,13,13,16,17,18,18,20,22,23,25,25,28,29,30,33,
-12,-11,-11,-11,-11,-11,-11,-11,-11,-11,-11,-11,-11,-11,-11,0,0,0,0,0,0,-11,-11,-11,-11,-11,-10,-9,-9,-9,-9,-9,-8,-8,-8,-8,-7,-7,-7,-7,-7,-6,-6,-4,-4,-4,-3,-3,-3,-3,-2,-2,-1,-1,-1,-1,2,2,2,3,4,4,5,5,7,7,7,8,9,11,11,13,13,16,17,18,18,20,21,24,25,25,28,28,30,33,
-13,-13,-13,-13,-13,-13,-13,-13,-12,-12,-12,-11,-11,-11,-11,0,0,0,0,0,0,-11,-11,-11,-11,-11,-11,-11,-11,-10,-9,-9,-9,-9,-9,-8,-8,-8,-7,-7,-7,-7,-6,-6,-4,-4,-4,-3,-3,-3,-3,-2,-2,-1,-1,-1,2,2,2,3,3,4,5,5,5,7,7,8,8,10,11,11,13,14,16,17,18,20,21,23,24,25,28,28,31,33,
-13,-13,-13,-13,-13,-13,-13,-13,-13,-13,-13,-13,-13,-13,-13,0,0,0,0,0,0,-11,-11,-11,-11,-11,-11,-11,-11,-11,-11,-10,-10,-9,-9,-9,-9,-8,-8,-7,-7,-7,-7,-6,-6,-5,-4,-4,-3,-3,-3,-3,-2,-2,-1,-1,0,2,2,2,3,3,4,5,5,6,7,7,8,10,11,11,13,14,16,17,18,18,22,23,24,25,27,28,30,33,
-13,-13,-13,-13,-13,-13,-13,-13,-13,-13,-13,-13,-13,-13,-13,0,0,0,0,0,0,-12,-12,-11,-11,-11,-11,-11,-11,-11,-11,-11,-11,-10,-10,-9,-9,-9,-8,-8,-8,-7,-7,-6,-6,-6,-5,-4,-4,-3,-3,-3,-3,-2,-1,-1,0,0,2,2,2,3,4,5,5,5,7,7,8,9,11,11,14,14,16,17,18,18,22,22,24,25,26,29,30,31,
-14,-13,-13,-13,-13,-13,-13,-13,-13,-13,-13,-13,-13,-13,-13,0,0,0,0,0,0,-13,-13,-13,-13,-12,-12,-11,-11,-11,-11,-11,-11,-11,-11,-10,-10,-9,-9,-9,-8,-8,-7,-7,-6,-6,-6,-5,-4,-4,-3,-3,-3,-3,-2,-1,0,0,2,2,2,3,3,4,5,5,6,7,7,8,10,11,12,14,15,16,17,19,21,22,23,25,27,29,30,31,
-16,-16,-15,-15,-15,-15,-14,-14,-13,-13,-13,-13,-13,-13,-13,0,0,0,0,0,0,-13,-13,-13,-13,-13,-13,-13,-12,-12,-11,-11,-11,-11,-11,-11,-11,-10,-10,-9,-9,-9,-8,-7,-6,-6,-6,-6,-5,-4,-4,-3,-3,-3,-3,-2,0,0,0,2,2,2,3,4,5,5,5,7,7,8,10,12,12,14,14,16,17,19,20,22,23,24,27,29,29,31,
-17,-17,-16,-16,-16,-16,-16,-16,-16,-16,-16,-16,-15,-15,-13,0,0,0,0,0,0,-13,-13,-13,-13,-13,-13,-13,-13,-13,-13,-12,-11,-11,-11,-11,-11,-11,-11,-10,-10,-9,-9,-8,-7,-6,-6,-6,-6,-5,-4,-4,-3,-3,-3,-3,-1,0,0,1,2,2,3,3,4,5,5,6,7,8,9,11,12,12,14,16,18,19,19,22,23,25,27,29,29,32,
-17,-17,-17,-17,-17,-17,-17,-17,-17,-17,-17,-17,-16,-16,-16,0,0,0,0,0,0,-13,-13,-13,-13,-13,-13,-13,-13,-13,-13,-13,-13,-12,-12,-11,-11,-11,-11,-11,-10,-10,-9,-9,-7,-7,-6,-6,-6,-6,-5,-4,-4,-3,-3,-3,-1,0,0,0,2,2,2,3,3,5,5,5,7,7,9,11,12,12,14,16,17,19,19,22,23,25,27,27,30,32,
-17,-17,-17,-17,-17,-17,-17,-17,-17,-17,-17,-17,-17,-17,-17,0,0,0,0,0,0,-15,-15,-15,-13,-13,-13,-13,-13,-13,-13,-13,-13,-13,-13,-12,-12,-11,-11,-11,-11,-11,-10,-9,-9,-8,-7,-6,-6,-6,-6,-5,-4,-3,-3,-3,-2,-1,0,0,1,2,2,3,3,4,5,5,7,8,9,11,12,12,14,16,17,18,19,23,23,24,27,28,30,32,
-18,-18,-18,-18,-18,-18,-17,-17,-17,-17,-17,-17,-17,-17,-17,0,0,0,0,0,0,-17,-17,-16,-15,-15,-15,-15,-13,-13,-13,-13,-13,-13,-13,-13,-13,-12,-12,-11,-11,-11,-11,-10,-9,-8,-8,-7,-6,-6,-6,-6,-5,-4,-3,-2,-2,-2,-1,0,0,2,2,2,3,4,5,5,5,8,8,10,11,12,14,16,17,18,20,22,23,24,27,28,30,32,
-18,-18,-18,-18,-18,-18,-18,-18,-18,-18,-18,-18,-18,-18,-17,0,0,0,0,0,0,-17,-17,-17,-17,-16,-16,-16,-15,-15,-13,-13,-13,-13,-13,-13,-13,-13,-13,-12,-11,-11,-11,-11,-10,-8,-8,-8,-7,-6,-6,-6,-6,-5,-3,-2,-2,-2,-1,0,0,1,2,2,3,3,4,5,6,8,8,10,11,13,13,16,16,18,21,21,23,24,27,28,30,32,
-18,-18,-18,-18,-18,-18,-18,-18,-18,-18,-18,-18,-18,-18,-18,0,0,0,0,0,0,-17,-17,-17,-17,-17,-16,-16,-16,-16,-16,-15,-15,-13,-13,-13,-13,-13,-13,-13,-12,-12,-11,-11,-11,-9,-8,-8,-8,-7,-6,-6,-6,-6,-3,-2,-2,-2,-2,-1,0,1,2,2,2,3,4,5,6,7,8,10,12,13,13,16,16,18,21,21,23,25,27,28,32,32,
-19,-19,-19,-19,-19,-19,-19,-19,-19,-18,-18,-18,-18,-18,-18,0,0,0,0,0,0,-18,-18,-18,-17,-17,-17,-16,-16,-16,-16,-16,-16,-15,-14,-13,-13,-13,-13,-13,-13,-13,-12,-11,-11,-10,-10,-8,-8,-8,-7,-6,-6,-6,-4,-2,-2,-2,-2,-2,0,1,1,2,2,3,3,5,6,6,9,9,11,12,14,16,17,18,20,21,24,25,27,29,31,32,
-20,-20,-20,-20,-20,-20,-20,-19,-19,-19,-19,-19,-19,-19,-19,0,0,0,0,0,0,-18,-18,-18,-18,-18,-18,-18,-16,-16,-16,-16,-16,-16,-16,-16,-14,-13,-13,-13,-13,-13,-13,-12,-12,-10,-10,-9,-8,-8,-8,-7,-6,-6,-5,-3,-2,-2,-2,-2,-1,1,1,2,2,2,4,5,6,6,9,10,11,12,14,15,17,19,20,22,25,25,28,30,31,33,
-21,-21,-21,-21,-21,-21,-20,-20,-20,-20,-20,-20,-20,-20,-20,0,0,0,0,0,0,-19,-19,-18,-18,-18,-18,-18,-18,-17,-17,-16,-16,-16,-16,-16,-16,-15,-13,-13,-13,-13,-13,-13,-11,-11,-10,-10,-9,-8,-8,-8,-6,-5,-5,-4,-3,-2,-2,-2,-2,1,1,1,2,3,4,4,6,6,9,10,11,13,15,15,17,19,21,22,24,26,28,30,32,34,
-21,-21,-21,-21,-21,-21,-21,-21,-21,-21,-21,-21,-21,-20,-20,0,0,0,0,0,0,-19,-19,-19,-19,-19,-19,-18,-18,-18,-17,-17,-17,-16,-16,-16,-16,-16,-15,-14,-13,-13,-13,-13,-12,-11,-11,-10,-9,-9,-8,-8,-8,-5,-5,-4,-3,-2,-2,-2,-1,0,1,1,2,3,3,4,5,8,8,10,10,13,15,15,18,19,21,23,25,26,28,30,31,34,
-21,-21,-21,-21,-21,-21,-21,-21,-21,-21,-21,-21,-21,-21,-21,0,0,0,0,0,0,-20,-20,-20,-20,-19,-19,-19,-19,-19,-17,-17,-17,-17,-17,-16,-16,-16,-15,-15,-15,-13,-13,-13,-12,-12,-11,-11,-9,-9,-8,-8,-7,-6,-5,-4,-4,-3,-2,-2,-1,-1,1,1,2,3,3,4,6,8,8,10,12,13,14,15,19,19,22,24,24,27,29,30,32,35,
-23,-23,-23,-23,-23,-23,-23,-23,-23,-22,-21,-21,-21,-21,-21,0,0,0,0,0,0,-20,-20,-20,-20,-20,-20,-20,-19,-19,-19,-18,-18,-17,-17,-17,-17,-16,-16,-15,-15,-15,-14,-13,-12,-12,-12,-11,-10,-9,-9,-8,-7,-7,-6,-4,-4,-4,-2,-2,-1,-1,0,2,2,3,3,5,6,8,8,11,12,13,14,17,19,19,22,23,25,28,29,31,33,36,
-23,-23,-23,-23,-23,-23,-23,-23,-23,-23,-23,-23,-23,-23,-23,0,0,0,0,0,0,-21,-21,-21,-20,-20,-20,-20,-20,-20,-20,-18,-18,-18,-18,-17,-17,-17,-17,-16,-15,-15,-15,-14,-12,-12,-12,-12,-10,-10,-9,-8,-7,-7,-6,-4,-4,-4,-3,-2,-1,-1,0,2,2,2,3,4,6,7,9,11,12,13,16,17,18,21,22,23,26,28,30,32,35,37,
-23,-23,-23,-23,-23,-23,-23,-23,-23,-23,-23,-23,-23,-23,-23,0,0,0,0,0,0,-23,-21,-21,-21,-21,-20,-20,-20,-20,-20,-19,-19,-18,-18,-18,-18,-17,-17,-17,-15,-15,-15,-14,-14,-12,-12,-12,-11,-10,-10,-8,-8,-7,-6,-5,-4,-4,-4,-1,-1,0,0,1,2,2,4,5,6,8,10,10,12,14,16,17,20,21,23,25,27,30,31,32,36,37,
-24,-24,-24,-24,-24,-23,-23,-23,-23,-23,-23,-23,-23,-23,-23,0,0,0,0,0,0,-23,-23,-23,-23,-23,-21,-20,-20,-20,-20,-19,-19,-19,-19,-18,-18,-18,-17,-17,-16,-15,-15,-14,-14,-14,-12,-12,-11,-11,-9,-8,-8,-8,-6,-6,-5,-4,-4,-2,-1,0,0,1,2,3,4,5,7,8,10,11,13,14,16,19,20,22,25,25,29,30,31,34,36,39,
-24,-24,-24,-24,-24,-24,-24,-24,-24,-24,-24,-24,-24,-24,-23,0,0,0,0,0,0,-23,-23,-23,-23,-23,-23,-23,-23,-20,-20,-19,-19,-19,-19,-19,-19,-18,-18,-17,-17,-16,-15,-14,-14,-14,-13,-12,-11,-10,-10,-9,-8,-8,-6,-6,-5,-4,-3,-3,0,0,0,1,2,3,4,6,6,9,10,12,14,14,17,18,21,23,24,26,29,31,33,34,38,40,
-25,-25,-25,-25,-25,-25,-25,-24,-24,-24,-24,-24,-24,-24,-24,0,0,0,0,0,0,-23,-23,-23,-23,-23,-23,-23,-23,-23,-22,-20,-19,-19,-19,-19,-19,-19,-19,-18,-18,-16,-15,-15,-14,-14,-14,-13,-11,-10,-10,-10,-8,-7,-7,-6,-5,-5,-3,-2,0,0,0,2,2,4,5,6,7,9,10,13,15,15,18,19,22,23,25,27,30,32,34,37,39,42,
-26,-25,-25,-25,-25,-25,-25,-25,-25,-25,-25,-25,-25,-25,-25,0,0,0,0,0,0,-24,-24,-24,-23,-23,-23,-23,-23,-23,-21,-21,-21,-20,-19,-19,-19,-19,-19,-19,-18,-15,-15,-15,-15,-14,-14,-14,-11,-10,-10,-10,-9,-7,-7,-7,-5,-4,-2,-2,-1,0,1,2,2,5,5,6,8,10,11,14,14,17,19,21,23,25,26,29,31,33,35,38,40,43,
-28,-27,-27,-27,-27,-27,-26,-26,-26,-26,-25,-25,-25,-25,-25,0,0,0,0,0,0,-24,-24,-24,-24,-24,-24,-24,-23,-23,-22,-21,-21,-21,-20,-20,-19,-19,-19,-19,-18,-17,-15,-15,-15,-15,-14,-12,-11,-11,-10,-10,-10,-7,-7,-7,-5,-3,-3,-2,-1,1,1,2,4,4,5,7,9,10,12,14,15,18,19,22,23,26,27,30,32,34,37,39,42,45,
-28,-28,-27,-27,-27,-27,-27,-27,-27,-27,-26,-26,-26,-26,-26,0,0,0,0,0,0,-25,-25,-24,-24,-24,-24,-24,-24,-24,-22,-22,-21,-21,-21,-20,-20,-20,-19,-19,-18,-17,-17,-15,-15,-15,-14,-12,-11,-11,-11,-10,-9,-8,-7,-7,-4,-3,-3,-2,0,0,1,4,4,4,7,7,9,11,13,15,17,18,21,22,26,26,30,31,35,35,39,41,44,47,
-28,-28,-27,-27,-27,-27,-27,-27,-27,-27,-27,-27,-27,-26,-26,0,0,0,0,0,0,-26,-25,-25,-25,-24,-24,-24,-24,-23,-23,-23,-22,-21,-21,-21,-20,-20,-20,-18,-18,-17,-17,-16,-15,-15,-14,-13,-11,-11,-11,-10,-9,-8,-8,-6,-4,-3,-3,-1,0,0,3,4,4,6,7,8,11,11,14,15,17,20,21,24,26,28,30,34,35,38,40,43,47,48,
-30,-29,-28,-28,-28,-28,-28,-27,-27,-27,-27,-27,-27,-27,-27,0,0,0,0,0,0,-26,-26,-26,-26,-26,-25,-24,-23,-23,-23,-23,-22,-22,-22,-21,-21,-20,-19,-19,-18,-17,-17,-16,-16,-14,-14,-13,-12,-11,-11,-10,-8,-8,-7,-5,-4,-4,-2,-1,0,1,4,4,5,6,7,10,11,13,15,16,19,21,23,25,28,29,32,34,38,40,42,46,47,51,
-30,-30,-29,-29,-29,-29,-29,-28,-28,-28,-28,-28,-28,-28,-28,0,0,0,0,0,0,-26,-26,-26,-26,-26,-26,-26,-25,-23,-23,-23,-22,-22,-22,-22,-21,-20,-19,-19,-18,-18,-17,-17,-15,-15,-13,-13,-12,-12,-11,-10,-9,-7,-7,-6,-4,-3,-2,-1,1,2,3,5,6,6,9,10,12,14,16,18,20,23,25,27,30,31,34,37,40,42,45,48,50,54,
-30,-30,-29,-29,-29,-29,-29,-29,-29,-29,-29,-29,-29,-28,0,0,0,0,0,0,0,-26,-26,-26,-26,-26,-26,-25,-25,-25,-24,-23,-22,-22,-22,-22,-22,-21,-19,-19,-18,-18,-18,-16,-15,-15,-14,-13,-12,-12,-10,-10,-8,-7,-6,-6,-3,-3,-2,0,1,3,4,6,7,7,9,11,14,15,18,19,22,24,26,28,31,35,35,39,42,44,48,50,53,56,
-31,-30,-30,-29,-29,-29,-29,-29,-29,-29,-29,-29,-29,0,0,0,0,0,0,0,0,0,-27,-27,-26,-26,-25,-25,-25,-25,-25,-24,-23,-22,-22,-22,-21,-21,-20,-19,-18,-18,-17,-17,-15,-14,-14,-13,-12,-12,-11,-9,-8,-7,-6,-4,-3,-3,-1,0,1,4,5,7,7,9,10,12,15,17,19,21,23,26,27,31,34,36,38,41,44,47,50,53,56,59,
-30,-30,-30,-30,-30,-30,-30,-30,-30,-30,0,0,0,0,0,0,0,0,0,0,0,0,0,0,0,0,-26,-25,-25,-25,-25,-25,-23,-23,-22,-21,-21,-21,-21,-19,-18,-17,-17,-17,-15,-14,-14,-14,-12,-11,-10,-9,-8,-6,-5,-4,-3,-2,-1,2,3,5,6,7,9,10,12,14,16,18,21,23,26,27,31,32,35,39,41,43,47,50,52,56,60,63,
-30,-30,-30,-30,-30,-30,-30,-30,-30,-30,0,0,0,0,0,0,0,0,0,0,0,0,0,0,0,0,-26,-26,-26,-25,-25,-25,-23,-23,-22,-22,-21,-21,-21,-19,-18,-17,-17,-17,-15,-14,-14,-14,-11,-10,-10,-9,-6,-6,-5,-3,-2,-1,1,2,4,6,6,9,10,12,14,16,18,20,22,25,26,30,33,35,38,41,43,47,51,52,56,59,63,67,
-30,-30,-30,-30,-30,-30,-30,-30,-30,-30,-30,-30,-30,-30,-30,-30,-30,-30,-30,-30,-29,-28,-28,-26,-26,-26,-26,-26,-26,-26,-25,-25,-24,-22,-22,-22,-21,-21,-21,-18,-18,-17,-17,-17,-15,-14,-14,-14,-10,-10,-10,-6,-6,-6,-3,-3,-2,1,1,4,5,6,8,9,12,12,16,16,20,22,24,28,29,32,35,37,41,44,46,49,53,56,59,63,67,70,
-32,-32,-31,-30,-30,-30,-30,-30,-30,-30,-30,-30,-30,-30,-30,-30,-30,-30,-30,-30,-30,-28,-27,-27,-26,-26,-26,-26,-26,-26,-26,-23,-23,-22,-22,-22,-22,-21,-19,-18,-18,-18,-17,-16,-15,-14,-14,-12,-11,-10,-8,-6,-6,-5,-3,-3,1,1,3,5,7,8,9,12,12,15,17,20,21,24,28,28,32,36,37,40,44,47,49,53,57,60,64,67,70,74,
-32,-32,-32,-32,-32,-32,-32,-31,-30,-30,-30,-30,-30,-30,-30,-30,-30,-30,-30,-30,-29,-28,-28,-28,-27,-26,-26,-26,-26,-26,-25,-24,-23,-23,-22,-22,-21,-20,-19,-18,-18,-18,-16,-16,-15,-13,-12,-11,-11,-9,-8,-6,-5,-4,-2,-1,1,2,5,6,8,9,12,13,15,17,19,21,24,27,29,32,35,37,41,44,48,50,54,56,60,64,67,71,74,78,
-32,-32,-32,-32,-32,-32,-32,-32,-32,-32,-32,-31,-31,-30,-30,-30,-30,-30,-29,-29,-28,-28,-28,-28,-28,-28,-26,-26,-26,-25,-24,-24,-24,-23,-22,-21,-21,-20,-19,-18,-18,-18,-16,-16,-14,-13,-12,-11,-10,-8,-7,-5,-5,-3,-1,0,2,3,6,7,9,10,13,14,16,20,22,24,26,29,32,34,37,41,45,46,49,53,57,61,65,68,72,75,79,83,
-32,-32,-32,-32,-32,-32,-32,-32,-32,-32,-32,-32,-32,-31,-31,-30,-29,-29,-29,-29,-28,-28,-28,-28,-28,-28,-28,-25,-25,-25,-24,-24,-24,-24,-21,-21,-20,-20,-20,-18,-18,-17,-16,-14,-14,-13,-11,-10,-9,-7,-6,-5,-3,-2,0,1,3,5,7,8,10,13,15,16,18,21,24,27,29,32,35,38,40,44,47,51,54,57,61,65,69,73,77,81,85,89,
-32,-32,-32,-32,-32,-32,-32,-32,-32,-32,-32,-32,-32,-31,-31,-30,-30,-30,-30,-28,-28,-28,-28,-28,-28,-27,-27,-26,-25,-24,-24,-24,-23,-23,-21,-20,-20,-20,-20,-18,-17,-17,-16,-14,-13,-12,-10,-9,-8,-6,-6,-4,-2,0,1,4,5,8,8,11,12,15,16,18,22,23,26,30,32,34,38,42,44,47,51,54,58,61,65,69,73,77,82,86,90,94,
-33,-33,-33,-32,-32,-32,-32,-32,-32,-32,-31,-31,-31,-31,-31,-31,-30,-30,-29,-29,-29,-28,-28,-28,-27,-27,-27,-26,-25,-24,-24,-23,-23,-23,-21,-20,-20,-20,-20,-17,-16,-16,-16,-13,-12,-12,-9,-8,-7,-5,-5,-2,-1,0,3,4,7,8,10,11,14,18,18,21,23,26,29,31,34,38,42,43,47,50,54,58,62,66,70,74,78,82,86,91,96,100,
-33,-33,-33,-33,-33,-33,-32,-32,-31,-31,-31,-31,-31,-31,-31,-31,-31,-30,-29,-29,-29,-29,-27,-27,-27,-27,-27,-26,-25,-24,-23,-23,-23,-23,-21,-20,-20,-20,-18,-16,-16,-16,-13,-12,-12,-9,-8,-8,-5,-5,-3,-1,-1,3,3,7,8,10,12,14,17,18,21,24,26,29,32,35,38,41,44,48,51,55,59,63,67,71,75,79,83,87,91,96,101,107,
-33,-33,-32,-32,-32,-32,-32,-32,-32,-32,-32,-31,-31,-31,-31,-31,-30,-30,-29,-28,-28,-28,-28,-28,-27,-27,-26,-26,-24,-24,-24,-23,-23,-22,-21,-21,-20,-18,-17,-16,-16,-14,-13,-12,-10,-9,-8,-7,-5,-3,-1,0,2,4,6,8,10,12,14,16,19,21,23,26,30,32,35,38,42,45,48,52,55,58,62,66,70,75,79,85,89,93,97,103,108,113,
-32,-32,-32,-32,-32,-32,-32,-32,-32,-32,-32,-32,-32,-32,-31,-30,-30,-29,-29,-28,-28,-28,-28,-28,-28,-26,-25,-25,-24,-24,-24,-23,-22,-21,-21,-21,-18,-18,-17,-16,-14,-13,-12,-10,-9,-7,-7,-6,-3,-2,0,1,4,5,8,10,12,14,16,19,21,23,26,29,32,35,38,42,44,48,52,56,60,64,68,72,76,80,84,89,94,99,104,109,114,120,
-33,-32,-32,-32,-32,-32,-32,-32,-32,-32,-32,-32,-32,-30,-30,-30,-29,-29,-29,-28,-28,-28,-28,-27,-26,-26,-25,-24,-24,-24,-23,-23,-22,-21,-20,-19,-18,-17,-16,-15,-14,-12,-11,-10,-8,-7,-5,-4,-2,0,2,4,6,8,10,11,13,17,19,21,24,27,28,32,36,39,43,44,48,52,56,60,64,68,72,77,81,85,90,96,101,105,110,117,121,126,
-34,-33,-32,-32,-32,-32,-32,-32,-32,-31,-31,-30,-30,-30,-30,-30,-30,-30,-29,-28,-28,-27,-27,-26,-26,-26,-25,-24,-24,-23,-23,-23,-21,-20,-19,-19,-17,-16,-15,-14,-12,-11,-9,-8,-8,-6,-4,-2,0,1,4,5,8,10,12,13,16,20,21,24,27,30,32,35,39,43,46,50,53,57,61,65,69,74,78,82,87,92,96,102,107,112,119,123,128,135,
-34,-34,-34,-33,-32,-31,-31,-31,-31,-30,-30,-30,-30,-30,-30,-30,-30,-30,-29,-27,-27,-26,-26,-26,-26,-26,-26,-24,-23,-23,-23,-22,-20,-19,-19,-18,-15,-15,-14,-12,-11,-10,-8,-7,-7,-3,-3,1,1,5,5,9,9,12,14,16,20,22,24,27,29,33,36,40,43,46,49,53,57,61,66,70,74,79,83,88,94,98,102,109,114,119,126,131,137,143,
-33,-33,-33,-32,-32,-32,-31,-30,-30,-30,-30,-30,-30,-30,-30,-29,-29,-29,-28,-27,-26,-26,-26,-26,-26,-26,-24,-23,-23,-22,-22,-20,-19,-18,-18,-16,-14,-14,-13,-10,-10,-10,-7,-7,-4,-3,0,1,3,5,8,10,12,14,17,19,22,25,28,29,33,37,40,43,46,50,54,58,62,66,70,74,80,85,90,94,99,105,111,115,121,127,133,139,145,152,
-33,-33,-33,-31,-31,-31,-31,-31,-30,-30,-30,-29,-29,-29,-29,-29,-29,-28,-27,-27,-26,-26,-26,-26,-26,-25,-23,-22,-22,-22,-21,-19,-18,-18,-16,-15,-14,-12,-11,-10,-9,-8,-5,-4,-2,-1,2,3,6,7,11,12,14,17,19,22,25,28,30,34,37,41,44,47,50,54,59,63,68,72,77,81,86,90,96,101,106,111,117,123,129,136,141,148,154,160,
-32,-32,-32,-31,-31,-31,-30,-30,-30,-30,-29,-29,-29,-29,-29,-28,-28,-27,-27,-27,-27,-26,-26,-25,-24,-23,-23,-22,-21,-20,-19,-19,-16,-16,-15,-15,-12,-11,-10,-9,-8,-5,-5,-2,-1,2,3,6,8,10,12,15,17,19,22,26,29,30,33,37,41,45,49,52,56,60,64,68,74,78,82,87,92,96,103,108,112,120,124,132,137,144,150,157,164,171,
