-9,0,0,0,0,0,0,0,0,0,0,0,0,0,0,0,0,-8,-8,-8,-8,-7,-7,-7,-7,-7,-7,-7,-7,-6,-6,-6,-6,-6,0,0,0,0,0,0,0,0,-1,-1,1,1,2,2,4,4,4,5,5,7,8,8,8,10,12,13,13,14,14,16,19,20,21,23,24,26,27,29,32,34,35,37,42,42,45,47,48,51,54,58,61,63,65,68,73,75,77,82,84,87,91,95,96,102,105,109,113,116,121,
-12,0,0,0,0,0,0,0,0,0,0,0,0,0,0,0,0,-8,-8,-8,-8,-8,-8,-8,-7,-7,-7,-7,-7,-7,-7,0,0,0,0,0,0,0,0,0,0,0,-4,-1,-1,1,1,2,2,4,4,4,5,6,8,8,8,8,10,13,13,14,14,16,18,20,20,23,23,25,27,29,31,33,34,37,41,42,44,47,48,51,53,59,60,63,65,66,73,74,78,81,83,87,91,95,96,102,105,109,112,116,121,
-14,-13,-12,-12,0,0,0,0,0,0,0,0,0,0,-10,-9,-8,-8,-8,-8,-8,-8,-8,-8,-8,-8,-7,-7,-7,-7,0,0,0,0,0,0,0,0,0,0,-4,-4,-4,-4,-1,-1,1,1,2,3,4,4,5,5,7,8,8,8,10,11,13,13,14,15,16,19,20,21,23,25,27,29,30,33,34,37,41,42,44,46,49,51,52,58,60,63,64,66,73,73,77,80,83,86,91,94,97,102,104,108,112,115,122,
-15,-15,-15,-14,-14,-14,0,0,0,0,0,0,-12,-12,-12,-12,-12,-10,-10,-9,-8,-8,-8,-8,-8,-8,-8,-8,0,0,0,0,0,0,0,0,0,-6,-5,-5,-5,-4,-4,-4,-4,-2,0,1,1,2,3,4,4,5,5,7,8,8,8,10,13,13,14,14,16,19,20,20,23,25,25,29,30,32,34,37,38,41,44,45,49,50,52,58,60,62,64,67,73,73,77,81,83,86,91,95,97,102,104,108,112,116,122,
-16,-15,-15,-15,-15,-15,0,0,0,0,0,0,-14,-13,-12,-12,-12,-12,-12,-12,-12,-10,-9,-8,-8,-8,-8,0,0,0,0,0,0,0,0,0,-6,-6,-6,-5,-5,-5,-4,-4,-4,-4,-2,1,1,2,2,4,4,4,5,6,8,8,8,10,11,13,13,14,15,16,20,20,22,24,25,28,30,31,34,36,38,41,44,45,49,49,52,57,60,62,64,67,72,74,77,81,83,87,90,94,97,102,103,109,112,116,122,
-16,-16,-16,-16,-16,-16,0,0,0,0,0,0,-15,-15,-15,-15,-15,-15,-14,-12,-12,-12,-12,-12,-11,-8,-8,0,0,0,0,0,0,0,0,-7,-7,-6,-6,-6,-5,-5,-5,-4,-4,-4,-4,-1,1,1,2,2,4,4,4,5,7,8,8,8,10,13,13,14,15,16,19,20,21,23,25,25,29,30,34,36,38,42,44,44,48,49,52,57,60,61,64,67,71,75,77,81,83,88,90,94,98,102,106,109,112,117,122,
-16,-16,-16,-16,-16,-16,0,0,0,0,0,0,-16,-15,-15,-15,-15,-15,-15,-15,-15,-14,-14,-13,-13,-12,0,0,0,0,0,0,0,0,-7,-7,-7,-7,-7,-6,-6,-5,-5,-5,-4,-4,-4,-4,-1,1,1,2,2,4,4,5,6,7,8,8,9,11,13,13,14,15,18,20,21,23,25,25,29,30,34,36,37,42,44,44,47,50,54,57,59,61,63,67,70,75,75,81,84,87,91,94,98,100,106,110,114,118,122,
-16,-16,-16,-16,-16,-16,0,0,0,0,0,0,-16,-16,-16,-16,-16,-16,-15,-15,-15,-15,-15,-15,-15,0,0,0,0,0,0,0,0,-8,-8,-8,-7,-7,-7,-7,-6,-6,-5,-5,-5,-4,-4,-4,-2,-1,1,2,2,3,4,4,5,6,8,8,8,11,13,13,14,15,16,20,21,22,24,25,29,30,33,36,36,40,43,44,46,50,52,56,60,61,63,66,70,75,75,81,84,86,92,94,100,101,106,111,114,117,123,
-19,-19,-19,-19,-19,-18,0,0,0,0,0,0,-16,-16,-16,-16,-16,-16,-16,-16,-16,-15,-15,-15,0,0,0,0,0,0,0,0,-8,-8,-8,-8,-8,-8,-7,-7,-7,-6,-6,-5,-5,-5,-4,-4,-3,-2,0,1,2,2,3,4,5,6,7,8,8,9,11,13,13,15,16,19,20,21,24,25,27,30,32,36,36,40,43,44,46,51,53,56,59,61,64,67,72,74,76,81,84,86,92,95,99,102,106,111,115,118,123,
-20,-20,-20,-20,-20,-19,0,0,0,0,0,0,-18,-17,-16,-16,-16,-16,-16,-16,-16,-16,-16,0,0,0,0,0,0,0,0,-13,-13,-10,-9,-8,-8,-8,-8,-7,-7,-7,-7,-6,-5,-5,-5,-4,-3,-3,-2,0,2,2,2,4,4,5,6,8,8,9,11,13,13,15,15,18,20,21,23,25,26,31,32,35,36,40,43,44,45,51,53,56,59,61,63,68,72,74,76,81,84,89,92,95,99,102,108,111,114,120,123,
-21,-21,-20,-20,-20,-20,0,0,0,0,0,0,-19,-19,-19,-19,-18,-18,-17,-17,-17,-16,0,0,0,0,0,0,0,0,-15,-15,-14,-13,-13,-9,-9,-8,-8,-8,-8,-7,-7,-7,-6,-5,-5,-4,-3,-3,-2,-1,2,2,2,3,4,5,6,6,8,8,10,12,13,14,15,17,19,21,23,24,26,32,32,34,36,39,42,43,46,50,53,56,59,61,63,70,72,74,77,83,84,89,92,94,101,103,108,112,116,120,124,
-22,-22,-21,-21,-21,-20,0,0,0,0,0,0,-20,-20,-20,-20,-20,-19,-19,-19,-19,0,0,0,0,0,0,0,0,-15,-15,-15,-15,-15,-13,-13,-10,-9,-9,-8,-8,-8,-7,-7,-7,-6,-5,-5,-3,-3,-3,-2,0,2,2,2,3,4,5,6,8,8,9,11,13,13,15,16,19,21,22,24,26,30,32,34,36,39,42,44,47,50,53,55,59,60,63,69,71,75,77,83,85,89,93,96,101,104,109,111,117,121,125,
-23,-23,-23,-23,-22,-22,0,0,0,0,0,0,-20,-20,-20,-20,-20,-20,-20,-20,-20,0,0,0,0,0,0,0,-17,-15,-15,-15,-15,-15,-15,-15,-13,-12,-9,-9,-9,-8,-8,-7,-7,-7,-6,-5,-4,-3,-3,-3,0,1,2,2,2,4,5,6,6,8,9,10,12,13,14,15,19,21,22,23,28,30,32,34,35,39,42,45,47,51,53,54,59,60,64,70,71,74,79,84,85,89,92,96,101,105,110,112,118,123,125,
-24,-24,-24,-24,-23,-23,0,0,0,0,0,0,-21,-21,-21,-21,-20,-20,-20,-20,0,0,0,0,0,0,0,-18,-17,-17,-16,-16,-15,-15,-15,-15,-15,-13,-13,-10,-9,-9,-8,-8,-7,-7,-7,-6,-4,-3,-3,-3,-1,0,2,2,2,3,4,5,6,8,8,10,12,13,14,15,18,20,22,23,28,30,33,33,35,39,40,46,46,50,53,55,60,62,65,70,71,75,80,84,86,89,94,98,101,105,111,113,119,124,129,
-26,-26,-26,-26,-25,-25,0,0,0,0,0,0,-22,-22,-22,-22,-22,-22,-21,0,0,0,0,0,0,0,-20,-19,-19,-19,-17,-16,-16,-16,-16,-15,-15,-15,-14,-13,-10,-9,-9,-9,-8,-7,-7,-7,-5,-4,-3,-3,-2,0,0,2,2,2,3,5,6,6,8,10,10,12,14,14,16,20,22,24,27,30,32,33,35,39,41,46,46,50,52,55,60,62,66,69,71,75,81,83,86,93,94,99,103,108,111,116,121,125,129,
-26,-26,-26,-26,-26,-26,0,0,0,0,0,0,-25,-24,-24,-23,-22,-22,0,0,0,0,0,0,0,0,-20,-20,-20,-19,-19,-19,-16,-16,-16,-16,-16,-15,-14,-14,-13,-11,-9,-9,-9,-8,-8,-7,-6,-4,-4,-3,-2,0,0,1,2,2,3,4,5,6,8,9,10,12,14,14,16,21,21,24,26,30,31,34,35,40,42,45,48,50,53,56,60,63,66,69,73,76,81,83,88,93,95,100,105,109,111,116,122,126,130,
-27,-27,-27,-27,-26,-26,0,0,0,0,0,0,-26,-26,-26,-25,-25,0,0,0,0,0,0,0,0,-22,-21,-20,-20,-20,-20,-19,-18,-18,-16,-16,-16,-16,-15,-14,-14,-14,-11,-9,-9,-9,-8,-8,-6,-5,-4,-3,-2,-1,0,0,2,2,2,3,5,6,6,9,10,11,14,14,15,21,23,24,26,30,31,34,35,40,42,45,48,50,54,56,61,63,67,70,74,79,81,84,89,93,96,101,105,109,113,119,122,128,132,
-28,-28,-28,-28,-28,-28,0,0,0,0,0,0,-26,-26,-26,-26,0,0,0,0,0,0,0,0,-22,-22,-22,-22,-21,-21,-20,-20,-20,-18,-18,-18,-16,-16,-16,-15,-14,-14,-14,-11,-9,-9,-9,-8,-7,-6,-5,-4,-2,-1,0,0,1,2,2,2,5,6,6,7,10,10,12,14,15,20,23,24,25,29,32,33,36,39,42,45,48,50,54,58,62,63,68,70,75,79,81,86,91,94,97,104,105,110,116,120,123,130,135,
-29,-29,-29,-29,-29,-29,0,0,0,0,0,0,-28,-28,-27,0,0,0,0,0,0,0,0,-25,-25,-23,-23,-22,-22,-22,-22,-21,-21,-20,-18,-18,-18,-16,-16,-16,-15,-14,-14,-14,-10,-9,-9,-9,-7,-6,-6,-3,-2,-1,0,0,0,1,2,2,3,5,6,6,10,10,11,14,16,20,23,23,25,29,32,33,37,40,42,45,49,51,56,59,62,64,68,72,76,79,82,86,91,95,99,104,108,113,116,120,126,132,137,
-30,-30,-30,-29,-29,-29,0,0,0,0,0,0,-29,-28,-28,0,0,0,0,0,0,0,-25,-25,-25,-25,-25,-23,-23,-23,-22,-22,-21,-21,-20,-19,-18,-18,-18,-16,-15,-15,-15,-14,-14,-10,-9,-9,-8,-7,-6,-5,-2,-1,0,0,0,1,2,2,3,4,6,6,10,10,11,15,16,20,23,23,25,30,32,33,38,40,44,45,50,51,57,58,62,65,70,73,76,80,84,89,91,97,101,105,109,114,118,124,129,132,139,
-32,-32,-32,-32,-32,-31,0,0,0,0,0,0,-29,-29,0,0,0,0,0,0,0,-27,-26,-26,-26,-26,-25,-25,-25,-24,-23,-23,-22,-22,-21,-20,-20,-18,-18,-18,-15,-15,-15,-15,-14,-12,-10,-8,-8,-7,-7,-5,-3,-1,0,0,0,0,1,2,2,4,6,6,8,10,11,14,18,19,22,23,26,30,32,34,38,41,44,46,51,52,57,58,64,67,71,74,79,81,86,90,93,99,101,108,111,114,122,126,130,135,141,
-33,-33,-33,-33,-33,-33,0,0,0,0,0,0,0,0,0,0,0,0,0,0,0,-28,-27,-27,-27,-26,-26,-26,-26,-25,-24,-24,-23,-23,-22,-20,-20,-20,-19,-18,-17,-16,-15,-15,-15,-13,-12,-9,-8,-8,-7,-6,-4,-2,0,0,0,0,1,2,2,4,4,6,7,10,10,14,18,19,22,23,26,30,32,34,39,41,43,46,51,53,56,61,63,68,72,75,80,82,86,92,95,99,105,110,113,119,123,127,133,139,144,
-34,-34,-34,-33,-33,-33,0,0,0,0,0,0,0,0,0,0,0,0,0,0,-29,-28,-28,-28,-28,-28,-27,-27,-26,-26,-26,-24,-24,-24,-23,-22,-20,-20,-20,-20,-18,-17,-16,-15,-15,-14,-13,-11,-9,-8,-8,-6,-5,-4,0,0,0,0,1,1,2,2,4,6,7,9,12,16,18,19,21,25,26,30,33,35,40,41,44,48,51,53,59,61,65,68,74,76,80,84,90,93,97,103,106,110,117,120,124,131,135,141,145,
-34,-34,-34,-34,-34,-34,0,0,0,0,0,0,0,0,0,0,0,0,0,-31,-31,-30,-28,-28,-28,-28,-28,-28,-27,-27,-26,-26,-25,-25,-24,-23,-22,-21,-20,-20,-20,-17,-17,-17,-15,-14,-14,-11,-10,-9,-7,-6,-5,-5,0,0,0,0,0,1,1,2,4,5,7,9,13,16,18,19,22,25,28,31,33,36,40,42,45,50,51,56,58,62,66,70,75,77,82,87,92,92,100,104,108,114,118,120,128,133,139,143,151,
-36,-36,-36,-36,-36,-36,0,0,0,0,0,0,-34,0,0,0,0,0,-33,-32,-32,-31,-30,-30,-30,-28,-28,-28,-28,-28,-28,-27,-26,-25,-25,-24,-23,-22,-21,-20,-20,-19,-17,-17,-17,-14,-13,-12,-11,-10,-7,-6,-5,-5,-2,0,0,0,0,1,1,2,3,5,7,10,13,16,17,19,23,26,28,30,35,36,41,42,47,51,51,58,59,63,69,71,76,80,84,87,92,97,101,105,111,116,119,126,130,136,140,147,152,
-37,-37,-37,-36,-36,-36,0,0,0,0,0,0,-35,-35,0,0,0,0,-34,-34,-33,-32,-31,-30,-30,-30,-30,-30,-28,-28,-28,-28,-28,-25,-25,-25,-24,-23,-22,-21,-21,-19,-19,-17,-17,-16,-13,-12,-11,-10,-9,-6,-6,-4,-3,-1,0,0,0,1,1,1,3,4,8,12,13,16,17,21,23,25,29,31,35,37,41,44,47,51,54,59,61,66,70,72,78,82,86,88,96,99,103,109,114,118,123,128,133,138,146,150,156,
-38,-37,-37,-37,-37,-37,0,0,0,0,0,0,-36,-36,-36,0,0,0,0,-34,-34,-34,-32,-32,-30,-30,-30,-30,-30,-30,-29,-28,-28,-28,-27,-25,-24,-24,-24,-22,-21,-20,-19,-19,-17,-15,-14,-12,-12,-10,-9,-8,-6,-3,-3,-2,0,0,0,0,1,1,3,5,9,12,13,17,17,20,24,26,29,32,36,38,42,46,47,52,55,60,64,67,69,76,79,83,87,94,97,101,106,112,116,122,125,132,135,142,147,154,160,
-40,-40,-39,-39,-39,-38,0,0,0,0,0,0,-37,-37,-37,-37,0,0,0,0,-36,-35,-33,-32,-32,-32,-31,-30,-30,-30,-30,-30,-30,-28,-27,-26,-25,-24,-24,-23,-22,-20,-20,-19,-18,-15,-15,-13,-12,-11,-9,-8,-7,-3,-3,-3,-1,0,0,0,1,1,1,5,10,12,12,16,19,21,26,26,31,33,37,39,44,46,49,54,57,61,64,69,72,77,82,84,91,95,98,105,107,113,120,123,130,133,141,145,152,158,164,
-40,-40,-40,-40,-40,-40,0,0,0,0,0,0,-38,-38,-37,-37,-37,0,0,0,0,-35,-35,-35,-33,-32,-32,-31,-31,-31,-30,-30,-30,-30,-29,-26,-26,-25,-24,-23,-23,-21,-20,-20,-18,-16,-15,-14,-12,-11,-9,-8,-8,-4,-3,-3,-2,0,0,0,1,1,2,8,10,11,13,17,20,22,26,28,31,35,37,42,44,47,52,55,59,62,66,72,74,79,83,88,93,95,103,106,112,117,123,129,132,139,142,150,155,161,168,
-40,-40,-40,-40,-40,-40,0,0,0,0,0,0,-39,-39,-38,-38,-38,-38,0,0,0,0,-36,-36,-35,-34,-33,-33,-31,-31,-31,-31,-30,-30,-30,-28,-26,-26,-25,-24,-23,-22,-21,-20,-19,-17,-16,-14,-13,-12,-10,-8,-7,-6,-3,-3,-2,-2,0,0,1,1,5,9,10,11,14,19,20,23,25,29,33,35,38,43,45,49,54,56,61,64,68,74,77,80,87,90,94,101,104,110,115,120,126,132,138,140,149,155,158,167,172,
-43,-41,-41,-40,-40,-40,0,0,0,0,0,0,-40,-40,-40,-39,-39,-39,-39,0,0,0,0,-36,-36,-35,-35,-34,-33,-32,-31,-31,-31,-31,-30,-28,-28,-28,-25,-25,-23,-22,-22,-20,-19,-17,-17,-14,-13,-12,-11,-8,-7,-6,-5,-3,-2,-2,0,0,1,4,6,8,10,12,17,19,21,24,27,31,33,38,40,44,45,52,55,59,62,66,71,75,79,85,89,92,98,103,108,113,119,123,129,136,140,147,153,158,165,172,178,
-46,-46,-45,-44,-44,-42,0,0,0,0,0,0,-40,-40,-40,-40,-40,-39,-39,-38,0,0,0,0,-37,-36,-36,-35,-35,-33,-32,-32,-31,-31,-30,-30,-28,-28,-28,-25,-23,-23,-22,-21,-20,-17,-16,-15,-13,-12,-11,-10,-6,-6,-6,-2,-2,-2,-1,0,2,5,6,8,9,14,16,20,21,26,28,32,36,39,41,45,50,53,58,61,65,70,74,78,83,87,93,96,100,106,111,118,122,128,134,139,146,153,157,164,171,177,184,
-46,-46,-45,-45,-45,-45,0,0,0,0,0,0,-42,-42,-41,-41,-40,-40,-38,-38,-38,0,0,0,0,-38,-36,-36,-36,-35,-33,-33,-32,-32,-30,-30,-29,-29,-28,-27,-23,-22,-22,-22,-21,-19,-16,-15,-13,-12,-12,-9,-6,-6,-6,-3,-2,-2,-2,0,4,6,7,8,10,16,17,20,24,27,29,34,36,41,42,49,51,54,58,63,68,70,77,81,85,90,95,99,104,110,117,120,127,132,140,143,150,155,162,171,177,183,190,
-46,-46,-46,-45,-45,-45,0,0,0,0,0,0,-44,-44,-43,-43,-41,-41,-41,-40,-38,-38,0,0,0,0,-37,-37,-36,-36,-36,-34,-33,-31,-31,-31,-29,-29,-29,-26,-24,-22,-22,-22,-21,-19,-16,-15,-14,-12,-12,-9,-8,-6,-6,-4,-3,-2,-2,2,5,6,7,10,12,17,18,21,25,28,31,35,38,41,47,50,53,58,61,67,70,74,79,84,89,95,99,104,108,115,119,127,131,138,143,150,156,161,169,175,182,189,195,
-48,-48,-47,-45,-45,-45,0,0,0,0,0,0,-45,-45,-44,-43,-43,-42,-42,-42,-41,-40,-40,0,0,0,0,-37,-37,-37,-36,-34,-34,-33,-32,-31,-30,-29,-29,-27,-25,-24,-22,-22,-20,-19,-16,-14,-14,-14,-10,-9,-8,-7,-5,-5,-3,-2,1,3,5,7,8,12,14,17,19,25,25,29,33,36,39,43,49,51,56,60,65,67,74,77,82,87,92,98,102,110,113,119,124,130,137,140,148,154,159,167,176,182,187,196,201,
-49,-49,-48,-47,-47,-47,0,0,0,0,0,0,-45,-44,-44,-43,-43,-43,-43,-42,-42,-41,-41,-40,0,0,0,0,-37,-37,-37,-36,-33,-33,-33,-32,-30,-30,-27,-27,-25,-25,-23,-21,-20,-19,-17,-15,-14,-14,-11,-9,-8,-8,-5,-5,-3,0,1,4,5,7,10,13,14,19,22,24,27,31,35,37,43,46,51,54,58,64,66,73,76,82,86,91,96,101,108,112,118,123,130,135,142,148,154,161,166,174,182,187,195,203,209,
-49,-49,-48,-48,-48,-48,0,0,0,0,0,0,-46,-46,-45,-44,-44,-43,-43,-43,-43,-42,-41,-41,-41,0,0,0,0,-37,-37,-35,-34,-34,-33,-32,-31,-29,-28,-27,-25,-25,-25,-21,-20,-19,-17,-17,-14,-13,-11,-10,-8,-8,-6,-5,-1,0,3,4,5,10,12,14,17,20,22,26,31,33,36,41,45,49,52,57,61,66,72,75,80,84,91,95,100,106,109,117,121,129,134,140,147,154,160,166,175,182,189,195,203,211,218,
-50,-49,-48,-48,-48,-48,0,0,0,0,0,0,-47,-46,-46,-46,-46,-46,-44,-44,-43,-43,-41,-41,-41,-40,0,0,0,0,-37,-36,-35,-34,-34,-32,-31,-29,-29,-27,-25,-25,-24,-22,-21,-17,-17,-17,-15,-13,-11,-10,-8,-7,-6,-3,-1,0,2,4,7,12,12,15,19,21,25,29,31,34,39,43,48,51,55,60,63,70,73,80,84,88,92,100,104,109,116,123,129,133,141,148,153,160,167,173,180,189,196,204,211,219,227,
-51,-50,-50,-50,-49,-49,0,0,0,0,0,0,-47,-47,-47,-47,-46,-46,-46,-45,-45,-44,-43,-41,-40,-40,-40,0,0,0,0,-37,-36,-34,-33,-32,-32,-30,-29,-28,-26,-24,-23,-22,-21,-17,-17,-17,-15,-12,-11,-11,-9,-7,-5,-2,-1,2,4,7,10,11,14,18,20,22,28,30,34,39,43,46,52,53,59,62,69,71,78,82,89,91,99,103,110,115,121,127,133,141,146,152,159,167,173,181,188,197,205,211,220,228,236,
-51,-51,-50,-49,-49,-49,0,0,0,0,0,0,-47,-47,-47,-47,-47,-47,-47,-46,-45,-45,-44,-44,-41,-41,-40,0,0,0,0,0,-36,-34,-33,-32,-31,-31,-29,-28,-26,-25,-23,-22,-20,-19,-17,-16,-15,-12,-11,-11,-9,-5,-4,-2,1,3,6,10,10,13,16,19,22,26,29,32,38,40,46,49,54,57,61,68,71,78,79,87,91,98,103,109,115,122,126,132,139,146,154,160,167,173,181,187,195,204,213,222,228,238,246,
-51,-50,-50,-50,-50,-50,0,0,0,0,0,0,-49,-49,-49,-48,-47,-47,-47,-47,-46,-45,-44,-43,-43,-42,-42,-40,0,0,0,0,0,-36,-33,-32,-31,-31,-30,-27,-26,-25,-24,-22,-20,-19,-19,-16,-14,-13,-11,-10,-7,-5,-4,-1,1,5,7,10,12,14,18,21,25,28,32,37,39,44,48,52,56,61,65,70,76,80,87,90,96,103,107,114,120,127,133,139,146,152,160,167,174,181,191,197,204,212,222,230,238,247,255,
-52,-51,-51,-51,-51,-50,0,0,0,0,0,0,-49,-49,-49,-49,-49,-49,-49,-48,-47,-46,-43,-43,-43,-41,-41,-41,-41,0,0,0,0,0,-33,-32,-32,-30,-29,-28,-26,-25,-24,-23,-19,-19,-18,-16,-13,-13,-10,-8,-6,-5,-3,1,3,5,9,12,13,16,21,23,25,31,34,37,41,46,50,54,61,65,69,74,78,85,92,96,104,106,113,120,126,133,138,146,153,160,168,176,182,189,197,208,216,222,230,240,249,259,267,
-53,-53,-53,-52,-52,-51,0,0,0,0,0,0,-49,-49,-49,-49,-49,-49,-49,-49,-49,-47,-45,-44,-42,-42,-40,-40,-40,0,0,0,0,0,0,-33,-31,-31,-29,-27,-26,-24,-24,-22,-19,-18,-18,-16,-13,-11,-11,-6,-6,-4,0,2,3,8,11,13,16,18,23,24,31,33,36,42,46,48,54,60,64,69,73,80,85,90,94,103,108,113,121,126,133,139,147,153,161,167,175,183,191,200,207,216,225,234,243,250,259,268,278,
-53,-53,-53,-53,0,0,0,0,0,0,0,0,0,0,-50,-49,-49,-49,-49,-49,-48,-46,-45,-44,-43,-41,-40,-40,0,0,0,0,0,0,0,0,0,-30,-30,-26,-25,-25,-23,-22,-20,-18,-18,-14,-11,-11,-10,-6,-6,-1,2,2,6,10,12,16,18,22,25,28,32,35,41,45,49,54,58,64,68,73,79,84,90,94,102,108,112,120,127,133,140,146,154,161,169,177,185,192,200,209,217,225,234,243,253,262,272,282,292,
-54,0,0,0,0,0,0,0,0,0,0,0,0,0,0,0,0,-50,-49,-47,-46,-44,-44,-44,-44,0,0,0,0,0,0,0,0,0,0,0,0,0,0,0,-25,-25,-23,-22,-19,-19,-16,-13,-12,-10,-9,-5,-3,-1,2,5,10,11,15,18,21,24,28,32,34,41,42,49,52,57,63,68,73,77,83,89,97,100,108,113,120,127,133,141,148,155,162,170,178,186,194,202,211,220,228,237,247,254,265,276,285,295,306,
-54,0,0,0,0,-54,-54,-54,-53,-53,-53,-53,-53,0,0,0,0,-47,-47,-47,-46,-44,-44,-44,-44,0,0,0,0,-40,-38,-37,-36,-35,-32,-32,-31,0,0,0,-25,-24,-24,-21,-18,-16,-14,-13,-11,-9,-6,-2,-1,0,4,8,11,15,17,21,24,27,31,36,39,43,47,53,58,62,68,72,79,84,89,96,100,108,115,119,126,135,141,149,156,163,170,178,184,195,204,212,221,230,238,247,257,267,279,288,298,308,320,
-54,-54,-54,-54,-54,-54,-54,-54,-54,-54,-53,-52,-52,-52,-51,-50,-49,-47,-47,-46,-45,-45,-44,-44,-44,-44,-44,-42,-41,-40,-36,-36,-36,-35,-34,-32,-30,-29,-28,-26,-25,-24,-21,-19,-17,-16,-14,-12,-11,-7,-4,-2,-1,2,8,9,15,16,20,24,26,29,34,38,43,48,53,56,62,68,71,78,84,89,95,102,106,114,121,125,134,142,148,155,164,172,180,188,196,204,213,222,231,241,250,262,271,281,289,302,312,322,335,
-55,-55,-55,-54,-54,-53,-53,-53,-53,-53,-53,-52,-52,-50,-50,-50,-49,-49,-47,-47,-45,-45,-45,-45,-44,-44,-43,-42,-40,-37,-37,-36,-36,-35,-34,-31,-29,-29,-28,-27,-23,-22,-21,-18,-16,-14,-13,-10,-8,-5,-3,-1,4,7,8,13,16,18,24,25,31,34,37,42,46,52,56,61,66,72,78,82,89,95,101,108,115,121,130,133,142,150,158,165,173,181,189,198,206,216,225,232,243,253,262,272,284,295,305,317,327,337,349,
-56,-55,-54,-54,-54,-54,-53,-52,-52,-52,-52,-51,-51,-51,-51,-51,-49,-48,-48,-46,-46,-45,-45,-45,-45,-44,-41,-41,-38,-38,-37,-36,-36,-35,-32,-31,-29,-28,-27,-25,-22,-20,-20,-18,-15,-13,-11,-10,-6,-3,-1,2,5,8,13,15,19,22,24,31,32,38,41,46,52,55,62,67,72,77,84,90,94,101,108,116,121,128,136,141,149,158,166,174,182,190,200,207,215,225,235,247,256,266,276,286,297,308,320,332,342,354,368,
-56,-56,-56,-56,-54,-53,-53,-52,-52,-52,-51,-51,-51,-51,-51,-50,-50,-49,-47,-47,-46,-46,-46,-44,-43,-43,-41,-40,-39,-38,-38,-37,-34,-34,-31,-30,-29,-27,-26,-23,-23,-20,-19,-16,-12,-12,-11,-6,-4,-1,2,4,7,11,15,19,22,25,31,32,38,41,45,52,55,61,67,71,77,85,89,95,102,110,115,122,128,136,144,152,158,166,175,183,192,201,211,220,229,238,248,260,269,278,291,301,311,325,336,348,358,372,384,
-55,-55,-55,-55,-54,-54,-53,-52,-52,-52,-52,-52,-51,-50,-50,-50,-50,-49,-48,-47,-46,-45,-44,-44,-43,-42,-41,-39,-39,-38,-38,-36,-34,-31,-30,-30,-29,-26,-24,-23,-22,-17,-16,-14,-12,-11,-8,-3,-2,1,4,7,11,14,18,21,25,30,32,39,41,46,50,55,61,66,71,79,83,89,95,102,109,115,123,130,137,145,154,163,169,178,184,194,203,211,220,230,241,251,261,272,283,293,306,316,328,340,351,364,377,391,403,
-54,-54,-54,-54,-54,-54,-54,-54,-53,-53,-52,-51,-51,-51,-51,-50,-49,-47,-47,-47,-46,-44,-44,-44,-43,-41,-40,-40,-39,-36,-36,-34,-32,-31,-30,-30,-27,-24,-23,-21,-19,-16,-15,-14,-10,-6,-5,-1,0,3,9,10,14,17,21,25,28,34,38,41,45,51,55,61,67,71,77,83,91,97,103,108,116,123,131,138,145,152,161,170,178,186,194,204,214,225,234,244,253,263,277,285,296,309,320,333,346,358,370,382,396,409,423,
-55,-54,-54,-54,-54,-54,-54,-54,-53,-52,-52,-52,-51,-50,-50,-49,-47,-46,-46,-46,-46,-46,-43,-43,-43,-40,-39,-38,-38,-36,-35,-33,-32,-32,-29,-26,-25,-24,-22,-18,-18,-16,-13,-11,-8,-5,-3,1,3,7,11,13,18,21,25,27,35,37,43,46,51,55,61,66,72,78,84,90,96,103,109,117,125,131,138,147,155,161,171,180,188,197,207,215,227,237,248,257,268,279,290,301,313,324,337,350,363,376,388,402,416,430,445,
-56,-55,-55,-55,-54,-53,-53,-53,-52,-52,-51,-51,-51,-51,-48,-48,-47,-47,-46,-45,-45,-44,-43,-42,-40,-39,-38,-38,-38,-35,-33,-33,-31,-30,-25,-25,-25,-23,-18,-18,-18,-12,-10,-10,-4,-3,-1,4,6,11,14,17,21,24,29,34,36,43,45,51,56,60,67,74,77,85,91,98,104,110,116,124,132,141,147,156,165,173,183,191,199,208,219,230,239,248,259,272,282,294,305,317,328,342,353,368,380,395,408,423,436,452,466,
-56,-55,-55,-53,-53,-53,-52,-52,-52,-52,-51,-50,-48,-48,-48,-46,-46,-46,-45,-44,-44,-44,-42,-41,-39,-39,-39,-37,-37,-32,-31,-31,-31,-26,-25,-23,-23,-19,-17,-16,-14,-11,-10,-7,-1,-1,3,6,10,14,17,22,25,31,33,39,42,48,52,57,60,67,74,79,83,91,99,104,112,119,124,133,141,149,158,166,175,183,191,203,211,223,232,242,254,263,272,287,297,308,322,333,347,359,374,386,400,414,429,444,457,474,490,
-54,-54,-54,-54,-53,-52,-51,-51,-50,-50,-49,-49,-48,-48,-47,-47,-46,-45,-45,-45,-43,-42,-41,-40,-39,-37,-37,-34,-32,-32,-31,-30,-29,-25,-24,-22,-20,-18,-15,-13,-11,-9,-4,-2,0,3,6,10,13,17,21,26,29,33,38,42,48,52,56,62,67,75,78,85,92,99,105,111,120,128,137,144,152,161,169,178,187,195,205,214,223,233,245,257,268,278,289,302,313,327,340,351,366,380,392,407,421,436,450,466,482,499,516,
-53,-52,-52,-52,-52,-52,-52,-50,-50,-50,-49,-49,-48,-46,-46,-46,-46,-45,-43,-42,-42,-41,-39,-38,-37,-36,-35,-35,-32,-31,-31,-27,-25,-23,-23,-20,-17,-16,-14,-12,-8,-5,-3,-1,4,5,10,13,18,22,26,29,34,38,42,48,54,57,63,67,73,81,87,93,99,106,114,121,128,136,144,153,161,169,177,188,197,207,217,228,237,247,259,271,283,293,306,318,331,343,357,371,386,399,413,427,443,458,476,490,505,523,540,
-52,-52,-52,-52,-51,-51,-51,-51,-50,-48,-48,-47,-45,-44,-44,-44,-44,-43,-43,-42,-41,-37,-37,-37,-37,-36,-35,-32,-29,-29,-27,-25,-24,-23,-19,-18,-15,-13,-11,-9,-5,-4,1,3,6,11,13,18,21,26,30,34,39,44,48,55,60,63,71,73,81,89,94,100,106,114,123,130,138,145,153,162,171,180,191,200,210,220,230,242,251,262,274,285,300,309,325,336,350,362,378,391,405,419,435,450,466,483,499,516,533,551,569,
-51,-50,-50,-50,-50,-49,-49,-49,-48,-48,-47,-46,-44,-44,-44,-42,-42,-42,-41,-40,-38,-37,-36,-35,-35,-34,-31,-29,-27,-27,-26,-23,-20,-18,-18,-15,-11,-11,-9,-5,-2,1,4,7,11,13,18,22,27,32,33,41,43,49,54,60,64,70,76,81,87,96,102,109,115,122,131,139,149,157,166,175,182,192,202,214,222,234,244,255,268,278,290,304,314,330,340,356,367,384,398,411,428,443,458,473,491,507,524,542,559,578,596,
-50,-49,-49,-48,-48,-48,-48,-48,-48,-46,-46,-43,-43,-41,-41,-40,-40,-40,-40,-39,-37,-35,-34,-33,-32,-31,-29,-27,-26,-24,-23,-20,-18,-17,-14,-11,-10,-7,-4,-2,1,4,8,11,15,19,22,27,30,35,40,45,50,55,62,67,70,77,83,90,96,104,110,118,126,134,143,149,158,166,175,186,196,204,215,226,238,248,257,271,282,294,306,320,333,345,362,374,389,405,420,433,450,466,482,500,517,535,553,570,588,607,626,
-50,-49,-47,-46,-46,-46,-46,-45,-45,-45,-44,-41,-41,-40,-40,-40,-40,-38,-38,-37,-35,-33,-31,-30,-30,-28,-27,-26,-23,-22,-21,-16,-14,-14,-12,-10,-6,-4,-1,4,4,8,12,16,20,24,29,33,35,41,47,50,57,63,68,73,78,84,91,99,105,111,118,126,134,143,152,160,170,181,189,198,209,219,230,240,251,263,275,288,299,313,325,339,352,367,380,396,411,426,443,457,474,491,509,525,544,561,581,600,620,639,658,
-48,-47,-47,-46,-46,-45,-44,-43,-43,-43,-42,-40,-39,-39,-38,-38,-37,-36,-34,-33,-32,-32,-29,-28,-28,-26,-24,-22,-20,-18,-16,-15,-14,-10,-7,-5,-2,1,2,6,10,14,17,20,25,29,33,37,42,47,54,57,63,70,75,80,86,92,100,107,113,122,130,137,144,153,163,172,181,191,202,210,220,234,244,256,267,279,292,305,317,332,344,357,373,389,401,418,433,450,467,482,499,517,536,555,572,591,611,631,651,672,692,
