-5,-5,-5,-5,-5,-5,-4,-4,-4,-4,0,0,0,0,0,0,0,-4,-4,-4,-4,-4,-4,-4,-4,-4,-4,-4,-4,-4,-4,-4,-4,-4,-4,-3,-2,-1,-1,0,0,0,0,0,0,0,0,0,0,0,0,0,0,0,0,1,1,1,2,3,3,4,4,4,4,5,7,8,8,8,8,10,11,11,11,13,13,15,15,16,16,16,20,20,20,
-6,-5,-5,-5,-5,-5,-5,-5,0,0,0,0,0,0,0,0,0,0,0,-4,-4,-4,-4,-4,-4,-4,-4,-4,-4,-4,-4,-4,-4,-4,-4,-4,-3,-2,-1,-1,0,0,0,0,0,0,0,0,0,0,0,0,0,0,0,0,1,1,2,2,3,3,4,4,4,4,5,8,8,8,8,9,11,11,11,13,13,15,15,16,16,16,20,20,20,
-7,-7,-6,-6,-6,-6,0,0,0,0,0,0,0,0,0,0,0,0,0,0,0,-4,-4,-4,-4,-4,-4,-4,-4,-4,-4,-4,-4,-4,-4,-4,-4,-3,-2,-1,0,0,0,0,0,0,0,0,0,0,0,0,0,0,0,0,1,1,1,2,3,3,4,4,4,4,5,8,8,8,8,8,10,11,11,12,13,15,15,16,16,16,20,20,20,
-7,-7,-7,-7,-7,0,0,0,0,0,0,0,0,0,0,0,0,0,0,0,0,0,-4,-4,-4,-4,-4,-4,-4,-4,-4,-4,-4,-4,-4,-4,-4,-4,-3,-3,-1,0,0,0,0,0,0,0,0,0,0,0,0,0,0,0,0,1,1,2,3,3,3,4,4,4,5,7,8,8,8,8,10,11,11,12,13,15,15,16,16,16,19,20,20,
-7,-7,-7,-7,0,0,0,0,0,0,0,0,0,0,0,-6,-6,0,0,0,0,0,0,-5,-4,-4,-4,-4,-4,-4,-4,-4,-4,-4,-4,-4,-4,-4,-4,-3,-3,-1,0,0,0,0,0,0,0,0,0,0,0,0,0,0,0,1,1,1,2,3,3,4,4,4,5,7,8,8,8,8,10,11,11,12,13,15,15,15,16,16,19,20,20,
-7,-7,-7,0,0,0,0,0,0,0,0,0,-7,-7,-7,-6,-6,-6,-6,-6,0,0,0,0,-5,-5,-5,-4,-4,-4,-4,-4,-4,-4,-4,-4,-4,-4,-4,-4,-3,-3,0,0,0,0,0,0,0,0,0,0,0,0,0,0,0,0,1,1,2,3,3,3,4,4,4,7,8,8,8,8,9,11,11,12,13,15,15,15,16,17,19,20,20,
-7,-7,-7,0,0,0,0,0,0,0,-7,-7,-7,-7,-7,-7,-7,-7,-6,-6,-6,-6,0,0,-5,-5,-5,-5,-5,-4,-4,-4,-4,-4,-4,-4,-4,-4,-4,-4,-3,-3,-3,0,0,0,0,0,0,0,0,0,0,0,0,0,0,0,0,1,2,3,3,3,4,4,4,7,7,8,8,8,8,11,11,12,12,14,15,15,16,17,19,20,20,
-7,-7,0,0,0,0,0,0,0,-7,-7,-7,-7,-7,-7,-7,-7,-7,-7,-7,-7,-6,-6,0,-6,-6,-5,-5,-5,-5,-5,-4,-4,-4,-4,-4,-4,-4,-4,-4,-4,-3,-3,-2,0,0,0,0,0,0,0,0,0,0,0,0,0,0,0,1,2,3,3,3,4,4,4,7,7,8,8,8,8,11,12,12,12,14,15,15,16,18,19,20,20,
-7,-7,0,0,0,0,0,0,-7,-7,-7,-7,-7,-7,-7,-7,-7,-7,-7,-7,-7,-7,-7,-6,-6,-6,-6,-6,-5,-5,-5,-5,-5,-4,-4,-4,-4,-4,-4,-4,-4,-4,-3,-2,-2,0,0,0,0,0,0,0,0,0,0,0,0,0,0,0,1,2,3,3,3,4,5,6,7,8,8,8,8,11,12,12,12,14,15,15,17,18,19,20,20,
-9,0,0,0,0,0,0,-7,-7,-7,-7,-7,-7,-7,-7,-7,-7,-7,-7,-7,-7,-7,-7,-7,-7,-6,-6,-6,-6,-6,-5,-5,-5,-5,-5,-4,-4,-4,-4,-4,-4,-4,-4,-2,-2,-1,0,0,0,0,0,0,0,0,0,0,0,0,0,0,1,2,3,3,3,4,5,6,7,7,8,8,8,11,12,12,12,14,15,16,17,18,19,19,20,
-9,0,0,0,0,0,0,-9,-8,-8,-8,-8,-7,-7,-7,-7,-7,-7,-7,-7,-7,-7,-7,-7,-7,-7,-7,-6,-6,-6,-6,-6,-5,-5,-5,-5,-4,-4,-4,-4,-4,-4,-4,-2,-2,-2,-1,0,0,0,0,0,0,0,0,0,0,0,0,0,0,2,3,3,3,4,5,6,7,7,8,8,8,11,12,12,12,15,15,16,16,18,19,19,21,
-9,0,0,0,0,0,-9,-9,-9,-9,-9,-8,-8,-8,-8,-8,-8,-7,-7,-7,-7,-7,-7,-7,-7,-7,-7,-7,-6,-6,-6,-6,-6,-5,-5,-5,-5,-5,-4,-4,-4,-4,-4,-3,-2,-2,-2,-1,0,0,0,0,0,0,0,0,0,0,0,0,0,2,3,3,3,4,5,6,7,7,8,8,9,11,12,12,12,14,16,16,16,18,19,20,22,
-9,0,0,0,0,0,-9,-9,-9,-9,-9,-9,-9,-8,-8,-8,-8,-8,-8,-8,-8,-7,-7,-7,-7,-7,-7,-7,-7,-6,-6,-6,-6,-6,-6,-5,-5,-5,-5,-4,-4,-4,-4,-3,-2,-2,-2,-1,-1,0,0,0,0,0,0,0,0,0,0,0,0,2,3,3,4,4,5,6,7,7,8,9,10,11,12,12,12,15,16,16,16,19,19,20,22,
-10,0,0,0,0,0,-9,-9,-9,-9,-9,-9,-9,-9,-9,-8,-8,-8,-8,-8,-8,-8,-8,-8,-8,-7,-7,-7,-7,-7,-6,-6,-6,-6,-6,-6,-5,-5,-5,-5,-4,-4,-4,-3,-3,-2,-2,-2,-1,-1,0,0,0,0,0,0,0,0,0,0,0,1,3,3,4,4,4,6,7,7,7,9,10,11,12,12,12,15,16,16,17,19,20,20,22,
-10,0,0,0,0,0,-10,-10,-10,-10,-10,-10,-9,-9,-9,-9,-8,-8,-8,-8,-8,-8,-8,-8,-8,-8,-8,-7,-7,-7,-7,-6,-6,-6,-6,-6,-6,-5,-5,-5,-5,-5,-4,-3,-3,-2,-2,-2,-1,-1,0,0,0,0,0,0,0,0,0,0,0,1,2,4,4,4,4,6,7,7,8,9,11,11,11,12,14,15,16,16,18,20,20,20,23,
-10,0,0,0,0,0,-10,-10,-10,-10,-10,-10,-10,-10,-10,-10,-10,-9,-8,-8,-8,-8,-8,-8,-8,-8,-8,-8,-8,-8,-7,-7,-6,-6,-6,-6,-6,-6,-5,-5,-5,-5,-4,-3,-3,-2,-2,-2,-2,-1,-1,0,0,0,0,0,0,0,0,0,0,1,1,4,4,4,5,6,7,7,8,10,11,11,11,13,15,15,16,16,19,20,20,21,23,
-10,0,0,0,0,0,-10,-10,-10,-10,-10,-10,-10,-10,-10,-10,-10,-10,-10,-9,-8,-8,-8,-8,-8,-8,-8,-8,-8,-8,-8,-8,-7,-6,-6,-6,-6,-6,-6,-5,-5,-5,-4,-4,-3,-2,-2,-2,-2,-1,-1,-1,0,0,0,0,0,0,0,0,1,1,2,4,4,4,5,6,7,8,8,10,11,11,11,14,15,15,16,18,19,20,20,22,24,
-12,0,0,0,0,0,-10,-10,-10,-10,-10,-10,-10,-10,-10,-10,-10,-10,-10,-10,-9,-9,-9,-8,-8,-8,-8,-8,-8,-8,-8,-8,-8,-7,-6,-6,-6,-6,-6,-6,-5,-5,-4,-4,-4,-2,-2,-2,-2,-2,-1,-1,0,0,0,0,0,0,0,0,1,1,2,4,4,4,5,5,8,8,9,10,11,11,12,14,15,15,16,18,19,20,21,23,24,
-12,0,0,0,0,0,0,0,0,0,0,0,0,0,0,0,0,0,0,0,0,0,0,0,-9,-9,-8,-8,-8,-8,-8,-8,-8,-8,-7,-6,-6,-6,-6,-6,-6,-5,-4,-4,-4,-3,-2,-2,-2,-2,-1,-1,-1,0,0,0,0,0,0,0,1,2,2,3,4,5,5,6,8,8,9,9,11,12,13,14,15,15,18,19,19,21,22,23,24,
-12,-12,0,0,0,0,0,0,0,0,0,0,0,0,0,0,0,0,0,0,0,0,0,0,-9,-9,-9,-9,-8,-8,-8,-8,-8,-8,-7,-7,-7,-6,-6,-6,-6,-6,-4,-4,-4,-3,-3,-2,-2,-2,-2,-1,-1,-1,0,0,0,0,0,1,2,2,2,3,5,5,5,6,8,9,9,9,12,13,13,14,15,17,18,19,20,22,23,23,25,
-12,-12,0,0,0,0,-12,-12,-12,-12,-12,-12,-12,-11,-11,-11,-11,-11,0,0,0,0,0,0,-9,-9,-9,-9,-9,-8,-8,-8,-8,-8,-7,-7,-7,-7,-6,-6,-6,-5,-5,-4,-4,-3,-3,-2,-2,-2,-2,-1,-1,-1,0,0,0,0,0,1,2,2,2,3,5,5,6,6,9,9,9,10,13,13,13,14,17,17,18,19,21,22,23,24,26,
-12,-12,-12,0,0,0,-12,-12,-12,-12,-12,-12,-12,-12,-12,-11,-11,-11,0,0,0,0,0,0,-10,-9,-9,-9,-9,-9,-9,-8,-8,-8,-7,-7,-7,-7,-7,-7,-6,-5,-5,-4,-4,-3,-3,-3,-2,-2,-2,-1,-1,-1,-1,0,0,0,1,2,2,2,2,4,5,6,6,7,9,9,10,10,13,13,13,17,17,17,18,21,21,22,24,25,26,
-12,-12,-12,0,0,0,0,-12,-12,-12,-12,-12,-12,-12,-12,-12,-11,-11,0,0,0,0,0,0,-10,-10,-10,-10,-9,-9,-9,-9,-8,-8,-7,-7,-7,-7,-7,-7,-7,-5,-5,-4,-3,-3,-3,-3,-3,-2,-2,-1,-1,-1,-1,0,0,1,2,2,2,2,3,4,5,6,6,8,8,9,10,12,13,13,15,17,17,17,21,21,21,24,25,25,28,
-13,-13,-13,-13,0,0,0,-12,-12,-12,-12,-12,-12,-12,-12,-12,-12,-12,0,0,0,0,0,-10,-10,-10,-10,-10,-10,-10,-9,-9,-8,-8,-7,-7,-7,-7,-7,-7,-6,-6,-5,-5,-3,-3,-3,-3,-3,-3,-2,-1,-1,-1,-1,-1,0,1,2,2,2,2,4,4,5,6,7,8,8,10,11,12,13,15,16,17,17,19,21,21,22,25,25,28,29,
-14,-14,-14,-13,0,0,0,0,-12,-12,-12,-12,-12,-12,-12,-12,-12,0,0,0,0,0,0,-10,-10,-10,-10,-10,-10,-10,-10,-10,-9,-8,-7,-7,-7,-7,-7,-7,-6,-6,-6,-5,-3,-3,-3,-3,-3,-3,-2,-1,-1,-1,-1,-1,1,2,2,2,2,3,4,5,5,7,8,8,9,11,12,12,15,15,16,17,19,20,21,22,24,26,26,29,30,
-14,-14,-14,-14,-14,0,0,0,-14,-14,-14,-13,-12,-12,-12,-12,-12,0,0,0,0,0,0,-10,-10,-10,-10,-10,-10,-10,-10,-10,-10,-10,-7,-7,-7,-7,-7,-6,-6,-6,-6,-5,-3,-3,-3,-3,-3,-3,-3,-1,-1,-1,-1,-1,2,2,2,2,3,3,5,5,6,7,8,9,10,11,12,13,15,16,16,19,20,20,22,24,25,26,28,30,30,
-14,-14,-14,-14,-14,-14,0,0,0,0,-14,-14,-14,-14,-14,-13,0,0,0,0,0,0,-10,-10,-10,-10,-10,-10,-10,-10,-10,-10,-10,-10,-8,-7,-7,-7,-7,-6,-6,-6,-6,-5,-4,-3,-3,-3,-3,-3,-3,-1,-1,-1,-1,1,1,2,2,3,3,5,5,5,6,7,9,10,10,12,13,14,15,16,18,19,20,21,23,25,26,28,29,30,33,
-14,-14,-14,-14,-14,-14,-14,0,0,0,0,0,0,0,0,0,0,0,0,0,0,-11,-10,-10,-10,-10,-10,-10,-10,-10,-10,-10,-10,-10,-9,-8,-7,-7,-6,-6,-6,-6,-6,-5,-4,-3,-3,-3,-3,-3,-3,-2,-1,-1,1,1,1,2,2,3,4,5,5,6,6,9,10,10,10,13,14,14,16,18,18,21,22,23,25,25,27,29,30,33,33,
-14,-14,-14,-14,-14,-14,-14,-14,-14,0,0,0,0,0,0,0,0,0,0,0,-13,-12,-11,-10,-10,-10,-10,-10,-10,-10,-10,-10,-10,-10,-9,-8,-8,-7,-6,-6,-6,-6,-5,-5,-4,-3,-3,-3,-3,-3,-3,-2,-1,0,1,1,1,2,3,4,4,5,6,6,7,10,10,10,13,14,14,15,18,18,20,22,22,25,26,28,29,30,33,33,36,
-14,-14,-14,-14,-14,-14,-14,-14,-14,-14,-14,0,0,0,0,0,0,-14,-14,-14,-13,-12,-11,-11,-11,-10,-10,-10,-10,-10,-10,-10,-10,-10,-9,-8,-8,-7,-6,-6,-6,-6,-5,-5,-4,-4,-3,-3,-3,-3,-3,-2,-1,1,1,1,1,3,4,4,5,6,6,7,9,10,10,11,14,14,14,18,18,19,22,22,24,26,27,29,30,32,33,36,37,
-14,-14,-14,-14,-14,-14,-14,-14,-14,-14,-14,-14,-14,-14,-14,-14,-14,-14,-14,-14,-14,-13,-11,-11,-11,-11,-11,-10,-10,-10,-10,-10,-10,-9,-9,-9,-7,-7,-6,-6,-6,-5,-5,-5,-4,-4,-3,-3,-3,-3,-2,-2,1,1,1,1,3,4,4,4,6,6,7,8,10,10,11,14,14,15,18,18,19,22,22,23,26,27,28,31,32,34,35,37,39,
-14,-14,-14,-14,-14,-14,-14,-14,-14,-14,-14,-14,-14,-14,-14,-14,-14,-14,-14,-14,-13,-13,-12,-11,-11,-11,-11,-11,-10,-10,-10,-10,-10,-9,-9,-8,-7,-7,-7,-6,-6,-5,-5,-5,-4,-4,-3,-3,-3,-3,-2,0,1,1,1,2,4,4,4,6,6,7,8,9,10,11,12,14,16,16,18,19,20,22,23,26,27,28,31,31,35,35,38,39,41,
-15,-15,-15,-15,-14,-14,-14,-14,-14,-14,-14,-14,-14,-14,-14,-14,-14,-14,-14,-14,-13,-13,-12,-12,-11,-11,-11,-11,-11,-10,-10,-10,-10,-9,-9,-8,-7,-7,-7,-6,-5,-5,-5,-5,-4,-4,-3,-3,-3,-3,0,1,1,1,1,3,4,4,5,6,7,8,8,10,12,12,14,16,16,18,19,20,23,23,25,27,28,31,31,35,35,38,39,41,43,
-15,-15,-15,-15,-15,-15,-15,-15,-15,-14,-14,-14,-14,-14,-14,-14,-14,-14,-14,-13,-13,-13,-12,-12,-11,-11,-11,-11,-11,-11,-10,-10,-9,-9,-8,-8,-7,-7,-7,-5,-5,-5,-5,-5,-4,-4,-3,-3,-3,-2,0,1,1,1,3,3,4,5,5,7,8,8,9,12,12,12,16,16,16,20,20,23,24,25,27,28,31,31,34,35,38,40,42,44,45,
-15,-15,-15,-15,-15,-15,-15,-15,-15,-15,-15,-15,-15,-14,-14,-14,-14,-14,-13,-13,-13,-13,-12,-12,-12,-11,-11,-11,-11,-11,-11,-10,-9,-8,-8,-8,-7,-7,-7,-6,-5,-5,-5,-5,-4,-4,-3,-3,-2,0,0,1,1,3,3,4,5,5,7,8,8,9,12,12,12,16,16,16,20,20,21,24,25,27,29,30,33,34,36,38,40,42,44,46,48,
-15,-15,-15,-15,-15,-15,-15,-15,-15,-15,-15,-15,-15,-15,-15,-15,-14,-13,-13,-13,-13,-13,-12,-12,-12,-11,-11,-11,-11,-11,-11,-9,-8,-8,-8,-8,-7,-7,-6,-6,-5,-5,-5,-4,-4,-4,-3,-2,-1,0,0,1,3,3,3,5,6,6,8,8,9,11,12,12,15,16,17,20,20,21,24,25,28,29,29,33,33,37,37,40,42,44,47,48,51,
-17,-15,-15,-15,-15,-15,-15,-15,-15,-15,-15,-15,-15,-15,-15,-15,-14,-14,-13,-13,-13,-12,-12,-12,-12,-12,-11,-11,-11,-11,-11,-9,-8,-8,-8,-8,-7,-7,-6,-6,-5,-5,-5,-4,-4,-4,-2,-1,-1,0,0,3,3,3,4,6,6,8,8,9,10,12,13,14,16,17,18,20,22,24,25,26,29,29,33,33,37,38,41,42,45,47,50,51,54,
-17,-17,-16,-15,-15,-15,-15,-15,-15,-15,-15,-15,-15,-15,-14,-14,-14,-14,-14,-14,-13,-12,-12,-12,-12,-12,-11,-11,-11,-11,-9,-9,-9,-8,-8,-8,-7,-6,-6,-6,-5,-5,-5,-4,-4,-3,-1,-1,0,0,3,3,3,4,6,6,8,8,9,10,11,13,14,15,18,18,21,22,24,25,27,29,31,33,34,37,38,41,42,46,46,50,52,54,57,
-17,-17,-16,-16,-16,-15,-15,-15,-15,-15,-15,-15,-15,-14,-14,-14,-14,-14,-14,-14,-14,-12,-12,-12,-12,-12,-11,-11,-11,-10,-9,-9,-9,-8,-8,-8,-6,-6,-6,-6,-5,-5,-5,-4,-3,-2,-1,-1,0,2,3,3,4,5,6,7,8,9,10,11,14,14,15,18,18,20,22,23,26,27,29,31,33,35,37,39,41,43,46,48,50,53,55,57,60,
-17,-17,-16,-16,-16,-16,-16,-15,-15,-15,-15,-14,-14,-14,-14,-14,-14,-14,-14,-14,-13,-13,-12,-12,-12,-12,-11,-10,-10,-9,-9,-9,-9,-8,-8,-7,-6,-6,-6,-6,-5,-5,-3,-3,-2,-1,-1,1,2,2,3,4,5,6,7,9,9,10,10,13,14,14,18,18,21,22,23,26,27,30,31,33,35,37,39,41,44,45,48,51,53,56,58,61,63,
-17,-17,-16,-16,-16,-16,-16,-16,-14,-14,-14,-14,-14,-14,-14,-14,-14,-14,-14,-14,-13,-13,-13,-12,-12,-12,-10,-10,-9,-9,-9,-9,-9,-8,-7,-6,-6,-6,-6,-6,-5,-4,-3,-2,-2,-1,0,2,2,3,5,5,5,7,8,9,10,11,13,14,16,17,18,20,22,23,26,27,30,31,33,35,37,40,42,44,47,48,52,54,56,58,62,65,66,
-18,-18,-16,-16,-16,-16,-15,-15,-14,-14,-14,-14,-14,-14,-14,-14,-14,-14,-14,-13,-13,-13,-13,-13,-12,-11,-10,-10,-9,-9,-9,-9,-9,-8,-7,-6,-6,-6,-6,-6,-4,-3,-2,-2,-2,0,2,2,2,5,5,5,7,8,9,10,11,13,14,16,17,19,20,23,24,26,27,29,31,33,36,37,40,41,44,47,49,52,55,57,60,62,65,68,71,
-18,-18,-17,-16,-16,-15,-15,-15,-15,-14,-14,-14,-14,-14,-14,-14,-14,-14,-13,-13,-13,-13,-13,-12,-12,-11,-10,-9,-9,-9,-9,-9,-9,-8,-7,-6,-6,-6,-6,-5,-4,-2,-2,-2,0,1,2,2,5,5,5,7,8,10,10,11,13,13,16,17,20,20,22,24,26,28,29,33,33,37,37,41,42,45,47,50,53,55,58,60,64,66,68,72,76,
-17,-16,-16,-16,-16,-16,-16,-16,-15,-14,-14,-14,-14,-14,-14,-14,-14,-13,-13,-13,-13,-12,-12,-12,-12,-11,-9,-9,-9,-9,-9,-9,-8,-7,-6,-6,-6,-5,-5,-4,-2,-2,-1,-1,1,2,3,4,5,5,7,8,9,11,11,12,14,16,16,19,20,23,24,25,29,29,33,33,37,38,41,42,46,48,50,54,56,59,61,64,67,70,73,77,80,
-16,-16,-16,-16,-16,-16,-16,-16,-16,-15,-14,-14,-14,-14,-14,-14,-14,-13,-13,-12,-12,-12,-12,-12,-12,-9,-9,-9,-9,-9,-9,-8,-8,-7,-6,-6,-5,-5,-5,-3,-2,-1,-1,0,2,3,4,5,6,7,7,9,11,12,12,15,16,17,19,21,23,25,26,29,30,33,35,37,39,42,43,46,49,51,54,57,59,62,66,68,70,74,78,81,83,
-16,-16,-16,-16,-16,-16,-16,-16,-16,-15,-15,-14,-14,-14,-14,-14,-13,-12,-12,-12,-12,-12,-12,-12,-11,-10,-9,-9,-9,-9,-8,-8,-8,-6,-5,-5,-5,-5,-4,-1,-1,-1,0,1,3,4,4,7,7,7,9,11,12,13,15,15,18,19,21,23,25,26,29,31,33,35,38,39,42,44,47,49,52,55,58,60,63,66,69,73,75,79,83,87,88,
-16,-16,-16,-16,-16,-16,-16,-16,-15,-15,-15,-15,-14,-14,-13,-12,-12,-12,-12,-12,-12,-12,-12,-11,-10,-10,-9,-9,-9,-8,-8,-8,-7,-5,-5,-5,-5,-4,-1,-1,0,0,1,4,4,4,7,7,7,9,11,12,13,15,15,18,19,22,22,25,27,28,31,33,35,39,40,43,44,48,50,52,56,58,61,65,67,71,74,77,81,84,88,91,94,
-16,-16,-16,-16,-16,-16,-16,-15,-15,-15,-15,-14,-14,-12,-12,-12,-12,-12,-12,-12,-12,-12,-11,-10,-10,-10,-9,-9,-8,-8,-8,-7,-6,-5,-5,-5,-3,-3,-1,0,0,1,4,4,5,6,7,8,9,11,12,13,15,16,18,20,21,23,25,27,30,31,34,36,39,40,44,45,48,51,53,57,60,62,65,68,72,74,77,81,85,89,93,95,100,
-16,-16,-16,-16,-16,-16,-15,-15,-14,-14,-14,-14,-13,-12,-12,-12,-12,-12,-12,-12,-12,-11,-10,-10,-10,-9,-8,-8,-8,-7,-7,-6,-5,-5,-5,-3,-3,-1,0,1,1,3,4,5,6,7,9,9,11,13,14,14,17,18,21,21,24,25,27,30,31,34,37,39,41,44,46,50,51,54,58,60,63,67,69,73,77,80,83,86,90,94,98,102,106,
-16,-16,-16,-15,-14,-14,-14,-14,-14,-14,-13,-13,-13,-13,-12,-12,-12,-12,-12,-11,-11,-10,-10,-10,-10,-8,-8,-7,-7,-7,-6,-6,-5,-4,-3,-3,-2,0,1,1,3,5,6,6,7,9,9,11,13,14,15,17,17,21,21,24,26,28,30,33,34,37,39,42,45,46,50,54,55,59,62,63,67,71,74,78,80,85,88,92,96,100,104,108,113,
-15,-15,-14,-14,-14,-14,-14,-14,-14,-13,-13,-13,-13,-13,-12,-12,-12,-12,-11,-11,-10,-10,-10,-10,-9,-7,-7,-7,-7,-6,-6,-4,-3,-3,-3,-2,1,1,1,2,5,6,6,7,9,9,11,13,14,15,17,19,21,23,24,27,29,31,33,36,37,40,42,46,48,50,54,56,59,63,66,69,72,75,79,83,87,90,94,98,101,105,109,114,119,
-14,-14,-14,-14,-14,-14,-14,-13,-13,-13,-13,-13,-13,-13,-12,-12,-11,-11,-11,-10,-10,-10,-10,-8,-7,-7,-7,-7,-6,-5,-5,-3,-3,-3,0,0,1,2,3,4,6,6,8,9,11,11,14,15,16,17,19,21,23,25,27,29,32,33,36,39,41,43,46,48,52,55,57,61,65,67,70,74,78,81,84,88,92,96,100,104,108,112,117,121,125,
-14,-14,-14,-14,-14,-13,-13,-13,-13,-13,-13,-13,-13,-12,-12,-11,-11,-10,-10,-10,-10,-8,-8,-8,-7,-7,-7,-5,-5,-5,-3,-3,-2,0,0,1,3,4,4,6,7,8,9,11,11,14,15,16,18,19,23,23,26,27,30,32,35,36,39,41,44,48,49,52,56,58,61,65,68,72,74,78,81,86,90,94,98,102,107,110,114,119,123,127,132,
-14,-14,-13,-13,-13,-13,-13,-13,-13,-13,-13,-13,-13,-11,-11,-10,-10,-10,-9,-9,-8,-8,-8,-7,-7,-5,-5,-5,-4,-3,-2,-2,0,0,1,3,4,5,7,7,8,10,11,11,15,15,17,19,19,23,23,26,28,30,32,35,38,39,42,44,48,51,54,57,61,63,67,70,73,76,80,84,87,91,96,100,104,109,113,117,122,127,132,136,142,
-13,-13,-13,-13,-13,-13,-13,-13,-13,-13,-13,-12,-11,-10,-9,-9,-9,-9,-8,-8,-8,-8,-7,-6,-5,-5,-5,-4,-3,-2,0,0,0,3,3,4,6,7,8,9,10,11,14,15,16,18,19,20,23,25,27,29,31,34,35,38,41,43,47,49,51,54,58,61,63,67,71,74,79,82,85,89,92,97,101,105,109,114,120,125,129,134,138,145,150,
-13,-13,-13,-13,-13,-13,-13,-13,-13,-12,-10,-9,-9,-9,-9,-9,-8,-8,-8,-8,-7,-6,-5,-5,-5,-4,-3,-3,-2,0,0,1,2,3,6,6,7,8,9,10,11,14,15,17,18,20,21,23,25,28,29,32,34,37,38,42,44,47,50,53,55,59,63,65,69,72,76,79,83,88,92,96,100,104,108,112,117,121,127,131,138,142,148,153,158,
-13,-13,-13,-13,-13,-12,-12,-10,-10,-10,-9,-9,-9,-9,-8,-8,-8,-7,-7,-7,-5,-5,-5,-5,-3,-3,-3,0,0,1,2,2,4,6,6,8,9,9,10,12,14,17,17,19,20,21,25,25,29,30,33,35,38,40,43,46,48,50,54,57,60,63,67,69,74,78,82,85,89,94,98,102,107,111,115,120,124,131,135,140,145,151,156,162,169,
-12,-12,-11,-11,-10,-10,-10,-10,-9,-9,-9,-9,-8,-7,-7,-7,-7,-7,-6,-5,-5,-4,-3,-3,-3,-2,1,1,1,2,3,5,6,6,9,9,10,11,13,14,17,17,20,21,23,25,27,29,31,34,36,39,40,44,46,49,52,56,58,61,65,69,72,75,78,83,87,90,94,99,103,108,113,117,123,127,132,138,142,149,155,160,166,171,179,
-10,-10,-10,-10,-10,-10,-9,-9,-8,-8,-7,-7,-7,-7,-7,-6,-6,-6,-4,-4,-4,-3,-3,-2,0,1,1,2,3,4,6,6,8,9,9,11,11,14,16,17,20,20,22,24,26,27,31,31,35,36,40,42,45,47,50,53,56,59,63,65,70,74,77,80,84,89,93,97,101,105,109,115,120,125,130,135,142,146,151,158,163,171,176,182,188,
-10,-10,-9,-9,-8,-8,-8,-7,-7,-7,-7,-6,-6,-6,-5,-5,-4,-4,-4,-3,-3,-1,-1,1,1,1,3,4,6,6,7,8,9,11,11,12,15,16,18,20,21,22,24,27,28,31,33,36,37,40,42,46,49,51,55,58,61,64,67,71,75,80,83,87,91,96,100,104,109,113,118,123,128,134,138,144,149,155,161,167,173,180,186,193,199,
-9,-9,-8,-8,-7,-7,-6,-6,-6,-5,-5,-5,-5,-5,-5,-4,-4,-2,-1,-1,-1,0,1,2,3,4,4,7,7,8,8,10,11,11,15,16,17,19,20,22,24,25,27,30,31,34,37,39,42,45,46,50,53,55,59,62,67,70,73,76,80,85,89,92,97,102,106,111,115,120,126,131,136,141,148,153,159,165,172,178,184,191,198,204,211,
-8,-6,-5,-5,-5,-5,-5,-5,-5,-5,-5,-5,-5,-3,-3,-1,-1,-1,-1,0,1,2,3,4,4,6,7,7,9,9,11,11,13,15,17,17,20,22,22,25,26,29,30,33,35,37,40,42,46,48,51,55,57,61,65,67,71,75,78,82,86,91,95,99,103,107,113,118,123,129,134,139,145,151,156,162,168,175,180,188,195,201,209,217,224,
