-7,0,0,0,0,0,0,0,0,0,0,0,0,0,0,0,0,0,0,0,0,0,0,0,0,0,0,0,0,0,0,0,-3,-3,-2,-1,-1,0,0,0,1,2,3,4,4,4,5,5,5,6,7,7,7,9,10,10,11,12,13,13,14,16,16,17,18,20,21,24,24,25,26,29,30,32,33,35,37,39,39,43,45,45,48,50,53,54,57,59,61,65,65,68,70,73,77,78,
-8,0,0,0,0,0,0,0,0,0,0,0,0,0,0,0,0,0,0,0,0,0,0,0,0,0,0,0,0,0,0,0,-3,-3,-3,-2,-1,-1,0,0,0,1,2,3,4,4,4,5,5,6,7,7,7,8,9,10,11,11,12,13,13,16,16,17,17,20,21,23,24,25,26,29,29,32,32,36,37,37,39,43,44,45,49,50,52,53,57,58,60,63,65,68,70,72,77,78,
-8,-8,-8,-8,-8,0,0,0,0,0,0,0,0,0,0,0,0,0,0,0,0,0,0,0,0,0,0,0,0,0,0,0,0,-4,-3,-3,-2,-1,-1,0,0,0,1,2,3,4,4,5,5,5,6,7,7,7,9,10,10,11,12,13,13,15,16,16,17,19,20,22,24,24,25,29,29,32,32,35,37,37,39,43,44,45,48,49,52,53,57,58,60,63,65,67,70,72,76,78,
-9,-9,-9,-9,-9,-9,0,0,0,0,0,0,-8,-8,-8,-7,-7,-6,-5,-5,-5,-5,-5,-5,-5,-5,-5,0,0,0,0,0,0,-4,-4,-3,-2,-2,-1,-1,0,0,0,1,3,4,4,4,5,5,5,7,7,7,8,9,10,11,11,12,13,13,16,16,17,17,20,22,23,24,25,27,29,31,32,34,36,37,39,42,43,45,46,49,51,53,57,57,60,63,65,66,70,73,76,78,
-9,-9,-9,-9,-9,-9,0,0,0,0,0,0,-8,-8,-8,-8,-8,-8,-7,-7,-6,-5,-5,-5,-5,-5,-5,-5,-5,0,0,0,0,-4,-4,-4,-2,-2,-2,-1,-1,0,0,0,2,3,4,4,4,5,5,6,7,7,7,8,10,10,11,12,13,13,15,16,17,17,20,22,23,24,25,26,29,30,32,34,36,37,38,41,43,45,46,49,50,53,55,57,59,63,65,67,70,71,74,77,
-10,-10,-10,-10,-10,-9,0,0,0,0,0,0,-9,-9,-9,-9,-9,-8,-8,-8,-8,-7,-6,-5,-5,-5,-5,-5,-5,-5,0,0,0,-4,-4,-4,-3,-2,-2,-2,-1,-1,0,0,0,2,3,4,4,5,5,5,7,7,7,8,9,10,11,11,13,13,13,16,16,17,20,21,22,24,24,26,29,30,32,33,35,37,37,41,43,44,46,49,50,53,55,57,59,63,65,67,69,72,74,77,
-10,-10,-10,-10,-10,-10,0,0,0,0,0,0,-9,-9,-9,-9,-9,-9,-9,-9,-8,-8,-8,-7,-6,-6,-5,-5,-5,-5,-5,0,0,0,-4,-4,-4,-3,-2,-2,-2,-1,-1,0,0,2,2,3,4,4,5,5,5,7,7,7,8,10,11,11,12,13,13,15,16,17,19,21,22,23,24,26,28,30,31,33,35,36,38,41,43,45,46,49,50,53,55,58,59,63,63,66,69,72,74,77,
-10,-10,-10,-10,-10,-10,0,0,0,0,0,0,-10,-10,-9,-9,-9,-9,-9,-9,-9,-9,-9,-8,-8,-7,-6,-6,-5,-5,-5,0,0,0,-5,-5,-4,-3,-3,-2,-2,-2,-1,0,0,1,2,3,3,4,4,5,5,6,7,7,8,9,10,11,11,13,13,14,16,16,18,20,22,23,25,26,26,29,31,33,34,36,38,40,42,44,46,48,49,52,54,58,59,62,64,66,69,72,74,77,
-11,-11,-11,-11,-10,-10,0,0,0,0,0,0,-10,-10,-10,-10,-10,-9,-9,-9,-9,-9,-9,-9,-9,-8,-8,-7,-6,-5,-5,-5,0,0,0,-5,-5,-3,-3,-3,-2,-2,-2,-1,0,1,1,2,3,4,4,5,5,5,7,7,7,8,10,11,11,12,13,13,15,16,18,19,21,22,25,25,26,29,31,33,34,35,38,40,42,44,46,46,51,52,54,57,58,61,64,66,69,72,74,77,
-11,-11,-11,-11,-11,-11,0,0,0,0,0,0,-10,-10,-10,-10,-10,-10,-10,-10,-9,-9,-9,-9,-9,-9,-9,-8,-8,-6,-6,-5,0,0,0,-5,-5,-4,-3,-3,-3,-2,-2,-2,-1,1,1,2,2,3,4,4,5,5,6,7,7,8,9,10,11,11,13,13,15,16,18,19,21,22,24,25,26,28,31,32,33,36,38,39,42,44,46,46,51,52,54,56,58,61,64,66,69,72,75,77,
-13,-13,-12,-12,-12,-11,0,0,0,0,0,0,-11,-11,-10,-10,-10,-10,-10,-10,-10,-10,-9,-9,-9,-9,-9,-9,-9,-8,-7,-6,-6,0,0,-5,-5,-4,-4,-3,-3,-3,-2,-2,-2,0,1,1,2,3,3,4,5,5,5,7,7,7,8,10,11,11,12,13,13,16,17,19,20,23,24,25,26,27,31,32,33,36,38,39,41,44,45,47,51,52,55,56,59,61,64,66,69,73,74,77,
-14,-14,-14,-14,-14,-12,0,0,0,0,0,0,-11,-11,-11,-11,-11,-11,-10,-10,-10,-10,-10,-10,-9,-9,-9,-9,-9,-9,-8,-8,-6,0,-5,-5,-5,-5,-4,-4,-3,-3,-3,-2,-2,0,1,1,2,2,3,4,4,5,5,5,7,7,8,9,10,11,11,13,13,15,17,19,19,23,23,25,26,27,31,31,34,36,37,39,41,43,45,47,50,52,54,56,60,61,64,66,70,73,74,76,
-14,-14,-14,-14,-14,-14,0,0,0,0,0,0,-12,-12,-12,-11,-11,-11,-11,-11,-11,-10,-10,-10,-10,-10,-9,-9,-9,-9,-9,-9,-8,-7,-6,-5,-5,-5,-4,-4,-4,-3,-3,-2,-2,-1,0,1,1,2,2,3,4,4,5,5,7,7,7,8,10,11,11,13,13,16,17,19,20,22,23,24,25,27,31,31,34,36,36,39,41,43,45,48,50,51,53,57,60,61,64,66,71,72,73,77,
-14,-14,-14,-14,-14,-14,0,0,0,0,0,0,-13,-13,-13,-13,-12,-12,-11,-11,-11,-11,-11,-10,-10,-10,-10,-10,-9,-9,-9,-9,-9,-8,-8,-6,-6,-5,-4,-4,-4,-4,-3,-3,-2,-1,-1,0,1,2,2,3,3,4,5,5,5,7,7,8,10,10,11,11,13,15,16,18,20,21,23,24,25,28,30,32,33,35,37,39,40,44,45,48,50,51,53,58,60,61,64,67,70,72,73,78,
-14,-14,-14,-14,-14,-14,0,0,0,0,0,0,-14,-13,-13,-13,-13,-13,-13,-13,-12,-11,-11,-11,-11,-11,-10,-10,-10,-10,-9,-9,-9,-9,-8,-8,-6,-6,-4,-4,-4,-4,-4,-3,-3,-1,-1,-1,0,2,2,2,3,4,4,5,5,7,7,7,8,10,11,11,13,14,17,19,20,20,23,23,26,28,29,32,33,34,37,39,40,44,46,48,49,51,54,58,59,62,64,67,70,72,75,79,
-16,-16,-16,-16,-16,-16,0,0,0,0,0,0,-14,-14,-14,-13,-13,-13,-13,-13,-13,-13,-13,-11,-11,-11,-11,-11,-10,-10,-10,-9,-9,-9,-8,-8,-8,-6,-5,-4,-4,-4,-4,-4,-3,-2,-1,-1,0,2,2,2,3,3,4,5,5,5,7,7,8,10,11,11,12,14,17,19,20,20,23,23,25,27,30,32,32,35,37,38,41,44,46,47,49,53,55,58,59,61,66,67,70,73,76,79,
-16,-16,-16,-16,-16,-16,0,0,0,0,0,0,-15,-14,-14,-14,-13,-13,-13,-13,-13,-13,-13,-13,-13,-11,-11,-11,-11,-10,-10,-10,-10,-9,-9,-8,-8,-8,-5,-5,-4,-4,-4,-4,-4,-2,-2,-1,-1,1,2,2,2,3,4,4,5,5,7,7,7,9,10,11,11,15,16,18,19,20,23,24,25,27,30,32,33,35,37,40,41,45,46,47,49,54,55,58,58,63,66,67,71,73,76,79,
-16,-16,-16,-16,-16,-16,0,0,0,0,0,0,-16,-16,-16,-16,-15,-13,-13,-13,-13,-13,-13,-13,-13,-13,-13,-11,-11,-11,-11,-10,-10,-10,-9,-8,-8,-8,-7,-5,-5,-4,-4,-4,-4,-3,-2,-1,-1,1,1,2,2,2,3,4,5,5,5,7,7,8,10,11,11,15,17,18,19,20,21,24,25,28,30,31,33,34,36,39,42,44,45,46,51,54,55,58,60,63,66,68,71,73,77,80,
-16,-16,-16,-16,-16,-16,0,0,0,0,0,0,-16,-16,-16,-16,-16,-16,-15,-15,-13,-13,-13,-13,-13,-13,-13,-13,-13,-11,-11,-11,-11,-10,-10,-9,-8,-8,-7,-7,-5,-5,-4,-4,-4,-3,-2,-2,-1,0,1,2,2,2,3,4,4,5,5,7,7,8,10,10,12,14,17,18,19,20,22,24,26,28,30,31,33,34,37,40,42,44,45,48,51,54,56,58,60,63,67,69,72,74,78,81,
-17,-17,-17,-17,-17,-16,0,0,0,0,0,0,-16,-16,-16,-16,-16,-16,-16,-15,-15,-15,-14,-13,-13,-13,-13,-13,-13,-13,-13,-11,-11,-11,-10,-10,-9,-8,-7,-7,-7,-5,-4,-4,-4,-3,-3,-2,-1,0,1,1,2,2,2,3,4,5,5,6,7,7,9,10,13,14,17,17,19,20,22,24,26,28,31,31,33,36,37,40,42,43,47,49,52,53,56,59,60,65,66,70,73,75,78,82,
-19,-19,-19,-18,-17,-17,0,0,0,0,0,0,-16,-16,-16,-16,-16,-16,-16,-16,-15,-15,-15,-15,-15,-13,-13,-13,-13,-13,-13,-13,-11,-11,-11,-10,-9,-9,-7,-7,-7,-7,-5,-4,-3,-3,-3,-3,-1,0,0,1,2,2,2,3,4,4,5,5,7,7,9,11,14,14,17,17,18,20,22,25,26,28,30,31,33,35,39,40,43,43,47,49,52,54,57,59,62,65,67,71,73,76,80,83,
-20,-20,-20,-20,-20,-20,0,0,0,0,0,0,-17,-17,-17,-16,-16,-16,-16,-16,-16,-15,-15,-15,-15,-15,-15,-13,-13,-13,-13,-13,-13,-11,-11,-11,-10,-9,-8,-7,-7,-7,-7,-5,-3,-3,-3,-3,-2,-1,0,1,1,2,2,2,3,4,5,5,7,7,8,11,13,14,17,17,19,20,23,24,26,28,30,31,34,36,39,40,42,45,47,49,53,55,57,60,62,66,69,71,74,78,80,83,
-20,-20,-20,-20,-20,-20,0,0,0,0,0,0,-19,-18,-17,-17,-17,-17,-17,-16,-16,-15,-15,-15,-15,-15,-15,-15,-14,-13,-13,-13,-13,-13,-12,-11,-10,-9,-8,-8,-7,-7,-7,-7,-3,-3,-3,-3,-2,-1,-1,1,1,2,2,2,3,4,5,5,5,7,9,11,13,14,15,18,18,20,23,23,27,28,30,32,34,36,39,40,44,45,48,51,54,55,58,61,64,67,70,71,76,79,81,85,
-21,-21,-21,-21,-20,-20,0,0,0,0,0,0,-20,-19,-19,-19,-19,-18,-17,-17,-17,-16,-15,-15,-15,-15,-15,-15,-15,-15,-14,-13,-13,-13,-13,-12,-10,-9,-9,-8,-8,-7,-7,-6,-5,-3,-3,-2,-2,-2,-1,1,1,1,2,2,2,3,4,5,5,8,9,11,13,14,16,18,18,21,22,25,27,28,31,33,35,36,39,43,44,45,49,52,55,56,58,62,65,68,70,74,77,81,83,86,
-21,-21,-21,-21,-21,-21,0,0,0,0,0,0,-20,-20,-20,-19,-19,-19,-19,-19,-17,-16,-16,-16,-15,-15,-15,-15,-15,-15,-15,-15,-13,-13,-13,-13,-11,-9,-9,-9,-8,-8,-7,-6,-6,-4,-3,-2,-2,-2,-1,0,1,1,2,2,2,3,4,5,5,9,10,11,13,14,16,18,19,21,23,25,27,28,32,33,35,37,42,42,44,47,50,52,55,56,60,63,66,68,72,74,78,82,83,87,
-21,-21,-21,-21,-21,-21,0,0,0,0,0,0,-21,-21,-21,-20,-19,-19,-19,-19,-19,-18,-17,-16,-16,-16,-15,-15,-15,-15,-15,-15,-15,-14,-13,-13,-10,-10,-9,-9,-9,-8,-7,-6,-6,-5,-3,-2,-2,-2,-2,0,1,1,1,2,2,3,4,4,6,8,10,11,12,15,16,18,19,22,23,25,27,30,32,33,35,39,42,42,46,47,50,54,55,58,61,64,67,70,73,75,80,83,85,88,
-22,-22,-21,-21,-21,-21,0,0,0,0,0,0,-21,-21,-21,-21,-21,-21,-20,-19,-19,-18,-18,-18,-17,-16,-16,-16,-15,-15,-15,-15,-15,-15,-14,-13,-11,-10,-10,-9,-9,-9,-7,-6,-6,-5,-4,-2,-2,-2,-2,-1,0,1,1,2,2,2,3,5,7,8,10,11,13,15,16,18,21,22,24,26,29,30,33,33,37,40,42,43,46,48,53,54,57,59,61,66,68,71,74,78,81,84,88,91,
-23,-23,-23,-23,-23,-22,0,0,0,0,0,0,-21,-21,-21,-21,-21,-21,-21,-20,-20,-18,-18,-18,-18,-17,-17,-17,-16,-16,-15,-15,-15,-15,-15,-14,-11,-10,-10,-10,-9,-9,-8,-7,-6,-5,-4,-4,-2,-2,-2,-1,0,1,1,1,2,2,4,5,8,8,11,12,14,15,17,18,21,21,24,28,29,30,33,34,38,40,43,44,47,50,53,56,58,60,63,67,70,72,76,79,82,86,89,94,
-23,-23,-23,-23,-23,-23,0,0,0,0,0,0,-22,-22,-22,-21,-21,-21,-21,-20,-20,-19,-19,-19,-18,-18,-17,-17,-17,-16,-16,-15,-15,-15,-14,-14,-13,-11,-10,-10,-10,-8,-8,-8,-7,-4,-4,-4,-2,-2,-2,-1,-1,0,1,1,2,2,3,6,7,8,11,13,13,16,17,19,21,21,27,28,29,31,34,36,38,41,43,45,49,51,55,57,58,62,65,69,71,74,77,81,85,87,93,95,
-23,-23,-23,-23,-23,-23,0,0,0,0,0,0,-23,-23,-23,-22,-22,-22,-22,-21,-19,-19,-19,-19,-19,-19,-18,-17,-17,-17,-17,-16,-16,-14,-14,-14,-13,-12,-11,-10,-9,-9,-8,-8,-7,-5,-4,-4,-4,-2,-1,-1,-1,0,1,1,1,3,4,6,7,8,10,13,14,16,18,19,21,25,27,27,30,32,34,36,40,42,45,47,49,53,56,57,61,63,67,70,74,75,81,84,86,90,94,97,
-24,-24,-24,-23,-23,-23,0,0,0,0,0,0,-23,-23,-23,-23,-23,-23,-23,-21,-20,-19,-19,-19,-19,-19,-19,-18,-17,-17,-17,-17,-15,-15,-14,-13,-13,-13,-12,-10,-9,-9,-9,-8,-6,-5,-4,-4,-4,-2,-1,-1,-1,0,0,1,2,4,4,6,7,10,11,14,14,18,18,19,23,25,27,29,31,33,36,38,42,44,46,47,51,54,57,61,61,66,69,72,75,79,82,85,89,92,96,100,
-25,-25,-25,-25,-25,-25,0,0,0,0,0,0,-23,-23,-23,-23,-23,-23,-23,-22,-22,-21,-20,-20,-19,-19,-19,-19,-18,-18,-17,-16,-16,-16,-15,-13,-13,-13,-12,-11,-9,-9,-9,-9,-6,-5,-5,-4,-4,-4,-1,-1,-1,-1,0,2,3,4,5,5,8,9,12,13,15,18,18,21,23,25,29,29,32,35,36,40,43,44,46,49,53,56,59,62,63,68,71,73,77,81,84,87,91,96,100,104,
-26,-26,-26,-26,-26,-26,0,0,0,0,0,0,-23,-23,-23,-23,-23,-23,-22,-22,-22,-21,-21,-21,-20,-20,-19,-19,-19,-17,-17,-16,-16,-16,-16,-14,-13,-13,-11,-11,-11,-9,-9,-8,-6,-6,-5,-5,-4,-3,-1,-1,-1,-1,1,2,3,4,5,6,9,11,12,14,16,17,20,22,24,26,29,30,34,35,39,41,43,46,48,51,54,58,60,63,67,69,73,76,79,84,87,90,93,98,103,106,
-26,-26,-26,-26,-26,-26,0,0,0,0,0,0,-25,-24,-24,-24,-22,-22,-22,-22,-22,-21,-21,-21,-21,-21,-20,-18,-18,-17,-17,-17,-16,-16,-15,-14,-14,-12,-11,-11,-11,-10,-8,-8,-7,-6,-5,-5,-4,-3,-2,-1,-1,-1,1,2,3,4,6,6,11,11,13,15,16,19,21,23,25,28,29,32,34,37,40,42,45,48,49,53,56,60,62,66,69,73,74,78,83,86,90,94,98,102,106,109,
-27,-26,-26,-26,-26,-26,0,0,0,0,0,0,-26,-26,-26,-24,-23,-23,-23,-22,-22,-21,-21,-21,-20,-20,-20,-20,-19,-17,-17,-17,-17,-17,-15,-15,-13,-12,-11,-11,-11,-11,-8,-7,-7,-7,-5,-5,-4,-3,-2,-1,-1,0,2,2,4,5,6,9,11,12,15,15,18,20,21,24,27,29,31,33,37,40,40,45,46,50,51,56,59,60,65,67,72,75,78,83,85,90,93,97,101,104,109,113,
-27,-27,-27,-27,-27,-27,0,0,0,0,0,0,-26,-25,-25,-25,-24,-24,-23,-23,-22,-21,-20,-20,-20,-20,-20,-20,-20,-19,-17,-17,-17,-16,-16,-14,-14,-12,-12,-11,-11,-10,-9,-7,-7,-7,-6,-5,-4,-3,-2,-2,0,1,2,2,4,5,7,9,11,12,14,17,20,20,23,26,27,31,31,36,37,39,43,45,49,52,55,58,61,64,66,71,75,78,81,85,89,93,96,100,105,108,113,117,
-27,-27,-27,-27,-27,-27,0,0,0,0,0,0,-26,-24,-24,-24,-24,-23,-23,-23,-21,-21,-21,-21,-20,-20,-20,-20,-20,-20,-19,-17,-17,-16,-15,-15,-14,-12,-12,-12,-10,-10,-9,-8,-7,-7,-7,-4,-4,-4,-2,0,1,1,2,4,4,6,8,11,11,13,16,17,19,21,26,26,30,31,35,36,40,42,44,47,51,54,56,60,63,65,70,74,77,80,84,88,92,96,100,104,108,112,118,123,
-27,-27,-27,-26,-26,-26,0,0,0,0,0,0,-25,-25,-25,-25,-25,-24,-23,-23,-22,-22,-21,-21,-21,-21,-20,-20,-20,-20,-19,-18,-15,-15,-15,-15,-15,-12,-12,-12,-11,-10,-8,-8,-8,-7,-7,-5,-4,-4,0,0,0,2,4,4,5,8,9,11,12,16,16,18,20,24,27,28,30,34,35,38,42,45,46,51,52,57,59,62,66,69,73,77,79,84,89,91,95,100,104,108,112,119,122,127,
-28,-28,-28,-28,-27,-26,0,0,0,0,0,0,-25,-25,-25,-25,-25,-25,-25,-24,-22,-22,-22,-21,-21,-21,-21,-21,-20,-20,-19,-17,-16,-16,-15,-15,-15,-14,-12,-11,-11,-11,-8,-8,-8,-7,-5,-5,-4,-2,-1,0,0,4,4,5,8,8,10,12,14,16,18,20,22,26,28,30,33,35,37,41,45,45,50,51,56,59,62,65,68,74,76,79,83,88,92,94,99,104,108,113,117,122,127,131,
-28,-28,-27,-27,-27,-27,0,0,0,0,0,0,-25,-25,-25,-25,-25,-25,-25,-23,-23,-23,-23,-22,-21,-21,-21,-21,-21,-20,-18,-17,-16,-16,-16,-15,-14,-14,-12,-11,-11,-10,-9,-8,-8,-8,-5,-5,-3,-2,-1,0,1,3,5,7,8,8,13,13,15,18,20,22,25,27,31,32,34,38,40,43,46,50,50,55,59,61,66,69,71,75,80,83,86,91,95,98,103,109,114,117,123,127,132,137,
-27,-27,-27,-27,-27,-27,0,0,0,0,0,0,-27,-26,-26,-25,-25,-25,-24,-24,-23,-23,-23,-23,-23,-21,-21,-21,-20,-19,-18,-17,-16,-16,-16,-16,-14,-13,-12,-12,-11,-10,-9,-8,-8,-7,-5,-3,-3,-1,-1,1,4,4,7,8,8,11,13,13,17,18,21,24,26,29,32,33,37,40,42,46,48,51,54,58,61,65,68,71,76,80,84,88,91,96,100,105,108,113,117,123,129,132,137,142,
-27,-27,-27,-27,-27,-27,0,0,0,0,0,0,-27,-27,-27,-26,-26,-25,-24,-24,-23,-23,-23,-23,-23,-23,-20,-20,-20,-18,-18,-18,-17,-16,-16,-15,-14,-13,-12,-12,-10,-10,-9,-9,-7,-6,-4,-3,-3,-1,0,2,4,6,8,8,10,12,13,16,18,21,23,26,28,31,33,36,38,42,45,47,52,54,57,61,64,69,71,75,80,83,88,91,96,99,104,110,114,118,122,128,132,137,144,148,
-28,-28,-28,-28,-28,0,0,0,0,0,0,0,0,-27,-27,-27,-26,-25,-25,-25,-23,-23,-23,-22,-22,-22,-21,-21,-19,-18,-18,-18,-18,-16,-16,-14,-14,-13,-12,-12,-11,-10,-9,-9,-6,-4,-4,-3,-3,-1,2,4,6,7,8,10,12,12,15,17,20,23,26,28,30,33,36,37,42,45,47,51,54,56,62,64,69,71,74,79,84,87,91,95,100,104,109,114,119,124,129,134,139,144,149,155,
-29,0,0,0,0,0,0,0,0,0,0,0,0,0,0,0,0,-26,-25,-25,-24,-23,-22,-22,-22,-22,-22,-20,-20,-18,-18,-18,-18,-17,-14,-14,-14,-14,-12,-11,-11,-10,-8,-7,-5,-4,-4,-2,0,1,3,5,7,8,10,11,13,15,17,19,22,26,27,30,33,36,37,43,43,47,51,54,56,61,64,67,71,76,79,84,88,92,96,101,106,109,115,119,124,130,134,139,147,151,157,164,
-29,0,0,0,0,0,0,0,0,0,0,0,0,0,0,0,0,-25,-25,-24,-23,-23,-23,-23,-22,-22,-21,-20,-19,-19,-18,-18,-18,-16,-15,-14,-14,-14,-12,-11,-11,-10,-7,-6,-6,-4,-3,0,1,2,5,6,8,9,11,13,15,16,19,23,25,27,29,32,35,36,42,44,48,51,53,57,61,66,68,72,75,81,85,88,92,97,102,107,110,116,121,125,131,138,142,147,154,158,164,172,
-30,-30,-30,-29,-28,-28,-28,-28,-28,-28,-28,-28,-28,-26,-26,-26,-26,-25,-25,-25,-23,-23,-23,-23,-23,-21,-21,-21,-19,-19,-18,-18,-17,-15,-15,-14,-14,-14,-12,-10,-10,-8,-6,-6,-5,-1,-1,1,3,4,7,8,9,10,13,15,16,20,21,25,26,30,32,34,37,42,45,47,51,54,57,62,65,68,72,75,81,85,90,94,97,102,106,111,117,123,128,132,138,144,149,155,161,167,173,179,
-31,-31,-31,-31,-29,-29,-29,-28,-27,-27,-27,-26,-26,-26,-26,-26,-26,-26,-25,-24,-23,-23,-23,-22,-22,-22,-21,-20,-19,-19,-19,-17,-17,-15,-15,-14,-14,-11,-11,-10,-9,-6,-5,-5,-2,-1,-1,3,3,6,8,9,10,13,15,16,19,22,24,26,30,32,34,39,40,45,47,51,55,57,62,66,69,73,77,82,86,90,95,99,105,109,113,119,124,129,134,139,145,150,157,164,169,175,182,187,
