-4,-4,-4,-4,-4,-4,-4,-3,-3,-3,-3,0,0,0,0,0,0,-3,-3,-3,-3,-3,-3,-3,-3,-3,-3,-3,-3,-3,-3,-3,-2,-2,-2,-2,-2,0,0,0,0,0,0,0,0,0,0,0,0,0,0,0,0,0,1,1,2,2,2,2,2,3,3,4,4,5,5,6,7,7,7,7,9,10,10,10,11,12,12,12,14,15,15,16,16,
-4,-4,-4,-4,-4,-4,-4,-4,0,0,0,0,0,0,0,0,0,0,0,0,-3,-3,-3,-3,-3,-3,-3,-3,-3,-3,-3,-3,-3,-3,-2,-2,-2,-2,-1,0,0,0,0,0,0,0,0,0,0,0,0,0,0,0,0,1,1,2,2,2,2,2,3,4,4,5,5,6,7,7,7,7,7,10,10,10,10,12,12,12,14,15,15,15,16,
-5,-5,-5,-5,-5,-5,0,0,0,0,0,0,0,0,0,0,0,0,0,0,0,-3,-3,-3,-3,-3,-3,-3,-3,-3,-3,-3,-3,-3,-3,-2,-2,-2,-2,-1,0,0,0,0,0,0,0,0,0,0,0,0,0,0,0,1,1,1,2,2,2,2,3,3,4,5,5,5,6,7,7,7,7,10,10,10,10,12,12,12,13,15,15,15,16,
-5,-5,-5,-5,-5,0,0,0,0,0,0,0,0,0,0,0,0,0,0,0,0,0,-4,-3,-3,-3,-3,-3,-3,-3,-3,-3,-3,-3,-3,-3,-2,-2,-2,-2,-1,0,0,0,0,0,0,0,0,0,0,0,0,0,0,0,1,1,2,2,2,2,3,3,4,5,5,5,6,7,7,7,7,10,10,10,10,12,12,12,13,15,15,15,16,
-5,-5,-5,-5,0,0,0,0,0,0,0,0,0,0,0,0,0,0,0,0,0,0,0,-4,-4,-4,-3,-3,-3,-3,-3,-3,-3,-3,-3,-3,-3,-2,-2,-2,-2,-1,0,0,0,0,0,0,0,0,0,0,0,0,0,0,1,1,1,2,2,2,2,3,3,5,5,5,6,7,7,7,7,9,10,10,10,10,12,12,13,14,15,15,16,
-5,-5,-5,0,0,0,0,0,0,0,0,0,-5,-5,-5,-5,-5,-4,-4,-4,-4,0,0,0,-4,-4,-4,-4,-3,-3,-3,-3,-3,-3,-3,-3,-3,-2,-2,-2,-2,-1,-1,-1,0,0,0,0,0,0,0,0,0,0,0,0,1,1,1,2,2,2,2,3,3,5,5,5,6,6,7,7,7,9,10,10,10,10,12,12,13,14,15,15,16,
-5,-5,-5,0,0,0,0,0,0,0,-5,-5,-5,-5,-5,-5,-5,-5,-5,-4,-4,-4,0,0,-4,-4,-4,-4,-4,-4,-4,-3,-3,-3,-3,-3,-3,-3,-2,-2,-2,-2,-1,-1,-1,0,0,0,0,0,0,0,0,0,0,0,0,1,1,1,2,2,2,3,3,5,5,5,5,6,7,7,7,9,10,10,10,10,12,13,13,14,15,15,15,
-6,-5,0,0,0,0,0,0,0,-5,-5,-5,-5,-5,-5,-5,-5,-5,-5,-5,-5,-4,-4,0,-4,-4,-4,-4,-4,-4,-4,-4,-4,-3,-3,-3,-3,-3,-3,-2,-2,-2,-1,-1,-1,-1,0,0,0,0,0,0,0,0,0,0,0,1,1,1,1,2,2,2,3,4,5,5,5,6,7,7,7,8,9,10,10,10,12,13,13,13,15,15,15,
-6,-6,0,0,0,0,0,0,-5,-5,-5,-5,-5,-5,-5,-5,-5,-5,-5,-5,-5,-5,-5,-4,-4,-4,-4,-4,-4,-4,-4,-4,-4,-4,-4,-3,-3,-3,-3,-3,-2,-2,-1,-1,-1,-1,-1,0,0,0,0,0,0,0,0,0,0,0,1,1,1,2,2,2,3,4,5,5,5,6,6,7,8,8,9,10,10,10,12,13,13,13,15,15,16,
-7,0,0,0,0,0,0,-6,-6,-5,-5,-5,-5,-5,-5,-5,-5,-5,-5,-5,-5,-5,-5,-5,-5,-4,-4,-4,-4,-4,-4,-4,-4,-4,-4,-4,-3,-3,-3,-3,-3,-2,-1,-1,-1,-1,-1,-1,0,0,0,0,0,0,0,0,0,0,1,1,1,1,2,2,3,4,4,5,5,6,6,7,8,8,9,10,10,10,12,13,13,13,15,16,16,
-7,0,0,0,0,0,0,-7,-7,-7,-7,-7,-6,-5,-5,-5,-5,-5,-5,-5,-5,-5,-5,-5,-5,-5,-5,-4,-4,-4,-4,-4,-4,-4,-4,-4,-4,-4,-3,-3,-3,-3,-1,-1,-1,-1,-1,-1,-1,0,0,0,0,0,0,0,0,0,1,1,1,1,2,2,4,4,4,5,5,6,6,8,8,8,9,10,10,11,12,13,13,13,15,16,16,
-7,0,0,0,0,0,0,-7,-7,-7,-7,-7,-7,-7,-6,-6,-6,-6,-6,-5,-5,-5,-5,-5,-5,-5,-5,-5,-4,-4,-4,-4,-4,-4,-4,-4,-4,-4,-4,-3,-3,-3,-1,-1,-1,-1,-1,-1,-1,0,0,0,0,0,0,0,0,0,1,1,1,1,2,2,4,4,4,5,5,6,6,7,8,8,9,10,10,11,12,13,13,13,16,16,16,
-7,0,0,0,0,0,-7,-7,-7,-7,-7,-7,-7,-7,-7,-7,-6,-6,-6,-6,-6,-6,-6,-5,-5,-5,-5,-5,-5,-4,-4,-4,-4,-4,-4,-4,-4,-4,-4,-4,-4,-3,-2,-1,-1,-1,-1,-1,-1,-1,0,0,0,0,0,0,0,0,0,1,1,1,1,3,4,4,4,4,5,6,7,7,8,8,9,9,11,11,12,13,13,14,16,16,16,
-7,0,0,0,0,0,-7,-7,-7,-7,-7,-7,-7,-7,-7,-7,-7,-6,-6,-6,-6,-6,-6,-6,-6,-6,-5,-5,-5,-5,-5,-4,-4,-4,-4,-4,-4,-4,-4,-4,-4,-4,-2,-1,-1,-1,-1,-1,-1,-1,-1,0,0,0,0,0,0,0,0,1,1,1,1,3,4,4,4,4,5,6,7,7,8,8,9,10,11,11,12,13,14,15,16,16,16,
-7,0,0,0,0,0,-7,-7,-7,-7,-7,-7,-7,-7,-7,-7,-7,-7,-6,-6,-6,-6,-6,-6,-6,-6,-6,-6,-6,-5,-5,-5,-4,-4,-4,-4,-4,-4,-4,-4,-4,-4,-3,-2,-1,-1,-1,-1,-1,-1,-1,-1,0,0,0,0,0,0,0,1,1,1,2,2,4,4,4,4,5,7,7,7,8,8,9,10,11,12,12,13,14,15,16,16,18,
-8,0,0,0,0,0,-7,-7,-7,-7,-7,-7,-7,-7,-7,-7,-7,-7,-7,-6,-6,-6,-6,-6,-6,-6,-6,-6,-6,-6,-6,-5,-4,-4,-4,-4,-4,-4,-4,-4,-4,-4,-3,-3,-1,-1,-1,-1,-1,-1,-1,-1,-1,0,0,0,0,0,0,1,1,1,2,2,4,4,4,4,5,7,7,7,7,9,10,10,11,12,12,14,14,15,16,17,18,
-8,0,0,0,0,0,-8,-8,-8,-7,-7,-7,-7,-7,-7,-7,-7,-7,-7,-7,-6,-6,-6,-6,-6,-6,-6,-6,-6,-6,-6,-6,-6,-4,-4,-4,-4,-4,-4,-4,-4,-4,-3,-3,-2,-1,-1,-1,-1,-1,-1,-1,-1,0,0,0,0,0,0,1,1,2,2,2,4,4,4,4,5,7,7,7,7,10,10,10,11,12,13,13,15,15,16,17,18,
-9,0,0,0,0,0,-8,-8,-8,-8,-8,-8,-8,-7,-7,-7,-7,-7,-7,-7,-7,-6,-6,-6,-6,-6,-6,-6,-6,-6,-6,-6,-6,-6,-5,-4,-4,-4,-4,-4,-4,-3,-3,-3,-3,-2,-1,-1,-1,-1,-1,-1,-1,-1,0,0,0,0,0,1,2,2,2,2,3,4,4,5,6,7,7,7,8,10,10,10,12,13,13,13,15,15,16,18,18,
-9,-9,0,0,0,0,-9,-9,-9,-9,-9,-9,-9,-9,-8,-7,-7,-7,-7,-7,-7,-7,-6,-6,-6,-6,-6,-6,-6,-6,-6,-6,-6,-6,-5,-5,-5,-4,-4,-4,-4,-3,-3,-3,-3,-2,-2,-1,-1,-1,-1,-1,-1,-1,0,0,0,0,1,1,2,2,2,3,3,4,5,5,6,7,7,7,9,10,10,10,13,13,13,14,15,16,17,18,18,
-9,-9,0,0,0,0,-9,-9,-9,-9,-9,-9,-9,-9,-9,-9,-9,-8,-8,-7,-7,-7,-6,-6,-6,-6,-6,-6,-6,-6,-6,-6,-6,-6,-6,-5,-5,-5,-4,-4,-4,-3,-3,-3,-3,-2,-2,-2,-1,-1,-1,-1,-1,-1,-1,0,0,0,1,2,2,2,2,3,3,5,5,5,6,6,7,8,9,10,10,11,12,13,13,14,16,16,17,18,19,
-9,-9,0,0,0,0,0,-9,-9,-9,-9,-9,-9,-9,-9,-9,-9,-9,-9,-8,-8,-8,-8,-7,-6,-6,-6,-6,-6,-6,-6,-6,-6,-6,-6,-5,-5,-5,-5,-5,-4,-3,-3,-3,-3,-2,-2,-2,-2,-1,-1,-1,-1,-1,-1,-1,0,0,1,2,2,2,2,3,3,4,5,6,6,6,8,9,9,10,11,12,12,13,14,15,16,17,17,19,20,
-9,-9,-9,0,0,0,0,-9,-9,-9,-9,-9,-9,-9,-9,-9,-9,-9,-9,-9,-8,-8,-8,-7,-7,-7,-7,-6,-6,-6,-6,-6,-6,-6,-6,-5,-5,-5,-5,-5,-4,-3,-3,-3,-3,-2,-2,-2,-2,-2,-1,-1,-1,-1,-1,-1,0,1,2,2,2,2,3,3,4,4,6,6,6,7,9,9,9,10,12,12,12,14,15,15,17,17,19,20,20,
-9,-9,-9,-9,0,0,0,-9,-9,-9,-9,-9,-9,-9,-9,-9,-9,-9,-9,-9,-9,-8,-8,-7,-7,-7,-7,-7,-7,-6,-6,-6,-6,-6,-6,-6,-5,-5,-5,-5,-4,-4,-3,-3,-2,-2,-2,-2,-2,-2,-1,-1,-1,-1,-1,-1,-1,2,2,2,2,3,3,4,4,4,6,6,7,8,9,9,9,11,12,12,13,15,15,16,18,18,20,20,21,
-9,-9,-9,-9,0,0,0,0,-9,-9,-9,-9,-9,-9,-9,-9,-9,-9,-9,-9,0,0,-8,-7,-7,-7,-7,-7,-7,-7,-7,-7,-6,-6,-6,-6,-5,-5,-5,-5,-4,-4,-4,-4,-2,-2,-2,-2,-2,-2,-2,-1,-1,-1,-1,-1,1,2,2,2,2,3,4,4,4,5,6,7,7,8,9,9,11,11,12,13,14,15,16,17,18,19,20,22,22,
-10,-10,-10,-10,-10,0,0,0,0,-9,-9,-9,-9,-9,-9,-9,-9,-9,-9,0,0,0,0,-7,-7,-7,-7,-7,-7,-7,-7,-7,-7,-7,-6,-6,-5,-5,-5,-4,-4,-4,-4,-4,-3,-2,-2,-2,-2,-2,-2,-2,-1,-1,-1,-1,1,1,2,2,3,4,4,4,5,5,6,7,8,8,9,11,11,11,13,14,14,16,17,17,19,19,22,22,22,
-10,-10,-10,-10,-10,-10,0,0,0,0,-10,-10,-10,-9,-9,-9,-9,0,0,0,0,0,0,-8,-7,-7,-7,-7,-7,-7,-7,-7,-7,-7,-7,-6,-5,-5,-5,-4,-4,-4,-4,-4,-3,-2,-2,-2,-2,-2,-2,-2,-1,-1,-1,1,1,1,2,3,3,4,4,5,5,5,6,8,8,8,11,11,11,12,14,14,15,17,17,19,20,21,22,22,24,
-10,-10,-10,-10,-10,-10,-10,-10,0,0,0,-10,-10,-10,-10,-10,0,0,0,0,0,0,0,0,-7,-7,-7,-7,-7,-7,-7,-7,-7,-7,-7,-7,-6,-5,-4,-4,-4,-4,-4,-3,-3,-3,-2,-2,-2,-2,-2,-2,-2,-1,1,1,1,1,2,3,4,4,4,5,5,6,7,8,8,10,11,11,12,14,14,15,17,17,18,20,21,21,23,24,25,
-10,-10,-10,-10,-10,-10,-10,-10,-10,0,0,0,0,0,0,0,0,0,0,0,0,0,0,-8,-7,-7,-7,-7,-7,-7,-7,-7,-7,-7,-7,-6,-6,-6,-4,-4,-4,-4,-4,-3,-3,-3,-3,-2,-2,-2,-2,-2,-2,0,1,1,1,1,3,4,4,4,5,5,6,7,7,8,10,10,11,12,13,14,15,16,17,18,19,21,21,24,24,24,27,
-10,-10,-10,-10,-10,-10,-10,-10,-10,-10,-10,0,0,0,0,0,0,0,0,0,0,0,0,-9,-9,-7,-7,-7,-7,-7,-7,-7,-7,-7,-7,-6,-6,-5,-5,-4,-4,-4,-3,-3,-3,-3,-3,-2,-2,-2,-2,-2,-2,1,1,1,1,2,4,4,4,5,5,6,7,7,8,10,10,10,13,13,13,15,16,16,18,19,21,21,23,24,25,27,28,
-11,-11,-11,-10,-10,-10,-10,-10,-10,-10,-10,-10,-10,-10,0,0,0,0,0,0,-10,-10,-10,-9,-9,-8,-8,-7,-7,-7,-7,-7,-7,-7,-7,-6,-5,-5,-5,-4,-4,-4,-3,-3,-3,-3,-3,-2,-2,-2,-2,-2,0,1,1,1,2,3,4,4,5,5,6,7,7,7,9,10,10,13,13,13,15,16,17,18,19,20,21,23,24,26,26,28,29,
-11,-11,-11,-11,-11,-10,-10,-10,-10,-10,-10,-10,-10,-10,-10,-10,-10,-10,-10,-10,-10,-10,-9,-9,-9,-8,-8,-8,-7,-7,-7,-7,-7,-7,-7,-6,-5,-5,-5,-5,-4,-4,-3,-3,-3,-3,-3,-2,-2,-2,-2,-1,0,1,1,1,3,3,4,5,5,6,6,7,7,8,10,10,12,13,13,15,16,17,17,19,20,22,23,23,26,26,28,29,31,
-11,-11,-11,-11,-11,-11,-11,-10,-10,-10,-10,-10,-10,-10,-10,-10,-10,-10,-10,-10,-10,-10,-9,-9,-9,-8,-8,-8,-8,-8,-7,-7,-7,-7,-6,-5,-5,-5,-5,-5,-4,-3,-3,-3,-3,-3,-3,-3,-2,-2,-1,0,0,1,1,3,3,3,5,5,6,6,7,8,8,10,10,12,13,13,15,16,17,18,20,20,21,23,23,26,26,29,29,31,33,
-12,-12,-12,-12,-12,-12,-11,-11,-11,-10,-10,-10,-10,-10,-10,-10,-10,-10,-10,-10,-10,-9,-9,-9,-9,-8,-8,-8,-8,-8,-8,-7,-7,-7,-5,-5,-5,-5,-5,-5,-5,-3,-3,-3,-3,-3,-3,-3,-2,-1,0,0,0,1,3,3,3,5,6,6,6,7,8,8,9,10,12,12,13,15,15,17,18,20,20,22,23,25,26,27,29,30,31,33,34,
-12,-12,-12,-12,-12,-12,-12,-12,-12,-12,-11,-10,-10,-10,-10,-10,-10,-10,-10,-10,-9,-9,-9,-9,-9,-8,-8,-8,-8,-8,-8,-8,-7,-7,-5,-5,-5,-5,-5,-5,-4,-3,-3,-3,-3,-3,-3,-3,-1,0,0,0,0,3,3,3,3,6,6,6,7,8,8,9,10,12,12,13,15,15,17,18,19,20,22,23,25,25,28,28,30,31,33,35,36,
-12,-12,-12,-12,-12,-12,-12,-12,-12,-12,-12,-11,-11,-11,-11,-10,-10,-10,-10,-10,-9,-9,-9,-9,-9,-8,-8,-8,-8,-8,-8,-8,-8,-5,-5,-5,-5,-5,-5,-4,-4,-3,-3,-3,-3,-3,-3,-2,-1,0,0,0,2,3,3,3,5,6,6,7,8,9,9,9,12,12,13,15,15,16,18,19,21,22,22,25,25,28,28,31,32,34,35,37,38,
-12,-12,-12,-12,-12,-12,-12,-12,-12,-12,-12,-11,-11,-11,-11,-11,-11,-11,-10,-9,-9,-9,-9,-9,-9,-8,-8,-8,-8,-8,-8,-8,-7,-5,-5,-5,-5,-5,-5,-4,-4,-3,-3,-3,-3,-3,-2,-2,0,0,0,2,3,3,3,5,5,6,7,8,9,9,10,12,12,14,15,15,17,18,19,20,22,23,25,25,28,29,31,32,34,35,38,38,41,
-12,-12,-12,-12,-12,-12,-12,-12,-12,-12,-12,-12,-11,-11,-11,-11,-11,-11,-10,-10,-9,-9,-9,-9,-9,-8,-8,-8,-8,-8,-8,-7,-6,-6,-5,-5,-5,-5,-4,-4,-4,-4,-3,-3,-3,-2,-2,0,0,0,1,2,3,3,5,5,6,7,8,9,9,10,11,12,14,14,16,17,18,19,21,22,24,25,27,28,30,31,32,35,35,38,40,41,43,
-12,-12,-12,-12,-12,-12,-12,-12,-12,-12,-12,-12,-11,-11,-11,-11,-10,-10,-10,-10,-10,-10,-9,-9,-8,-8,-8,-8,-8,-8,-7,-7,-6,-6,-5,-5,-5,-5,-4,-4,-4,-4,-3,-3,-2,-2,-1,0,0,1,2,2,3,5,5,5,7,8,9,9,10,11,12,14,14,16,17,18,20,21,22,24,25,27,27,30,31,33,35,37,38,40,42,43,46,
-12,-12,-12,-12,-12,-12,-12,-12,-12,-12,-12,-12,-11,-11,-11,-10,-10,-10,-10,-10,-10,-10,-10,-9,-8,-8,-8,-8,-8,-7,-7,-6,-6,-6,-6,-5,-5,-4,-4,-4,-4,-4,-3,-2,-2,-1,-1,0,1,2,2,2,5,5,5,8,8,9,9,10,11,11,14,14,16,17,18,20,21,23,24,24,27,28,30,31,34,34,37,40,40,43,44,46,48,
-12,-12,-12,-12,-12,-12,-12,-12,-12,-12,-12,-12,-11,-11,-10,-10,-10,-10,-10,-10,-10,-10,-10,-10,-8,-8,-8,-8,-7,-7,-7,-6,-6,-6,-6,-5,-4,-4,-4,-4,-4,-4,-2,-2,-1,-1,0,1,2,2,3,5,5,5,7,8,9,10,10,11,12,14,14,16,17,18,20,21,22,24,26,27,29,30,32,34,35,37,39,41,43,45,47,50,50,
-13,-12,-12,-12,-12,-12,-12,-12,-12,-12,-12,-12,-10,-10,-10,-10,-10,-10,-10,-10,-10,-10,-10,-9,-9,-8,-7,-7,-7,-7,-6,-6,-6,-6,-6,-4,-4,-4,-4,-4,-3,-3,-2,-2,-1,0,0,2,2,3,4,5,5,7,8,9,10,11,11,12,13,14,16,17,19,20,22,23,24,26,27,29,31,32,34,36,38,39,42,44,45,48,50,52,55,
-13,-13,-13,-13,-12,-12,-12,-12,-12,-12,-11,-11,-10,-10,-10,-10,-10,-10,-10,-10,-10,-10,-10,-9,-9,-8,-7,-7,-7,-6,-6,-6,-6,-6,-6,-4,-4,-4,-4,-3,-3,-2,-2,-1,0,0,2,2,3,4,5,6,7,7,9,10,11,11,13,13,16,16,17,19,20,22,23,25,26,29,29,32,33,35,36,39,40,42,45,46,49,52,52,55,58,
-13,-13,-13,-13,-13,-13,-13,-13,-11,-11,-11,-11,-10,-10,-10,-10,-10,-10,-10,-10,-10,-10,-9,-8,-8,-8,-7,-7,-7,-6,-6,-6,-6,-6,-5,-4,-4,-4,-3,-3,-3,-2,-1,0,0,1,2,3,4,4,7,7,7,10,10,11,12,13,13,16,16,18,19,20,22,23,26,26,28,30,32,33,36,37,39,41,43,46,47,49,52,54,56,59,61,
-13,-13,-13,-13,-13,-12,-12,-12,-12,-12,-11,-10,-10,-10,-10,-10,-10,-10,-10,-10,-10,-9,-8,-8,-8,-8,-8,-7,-6,-6,-6,-6,-6,-5,-5,-4,-3,-3,-3,-3,-3,0,0,0,1,2,3,4,4,6,7,7,9,10,11,12,13,13,15,16,18,19,21,23,24,25,28,28,31,32,34,36,38,40,41,44,46,48,51,53,54,57,60,61,64,
-13,-13,-12,-12,-12,-12,-12,-12,-12,-12,-12,-11,-10,-10,-10,-10,-10,-10,-10,-10,-9,-8,-8,-8,-8,-8,-8,-6,-6,-6,-6,-6,-5,-5,-5,-3,-3,-3,-3,-3,-1,0,0,1,2,3,4,4,6,7,7,9,10,11,12,13,14,15,16,18,20,21,22,24,25,28,28,31,32,35,36,38,41,42,45,47,48,51,54,56,58,61,64,66,69,
-12,-12,-12,-12,-12,-12,-12,-12,-12,-12,-11,-11,-11,-10,-10,-10,-10,-10,-9,-9,-8,-8,-8,-8,-8,-8,-7,-6,-6,-6,-6,-5,-5,-5,-4,-3,-3,-3,-3,-1,0,0,1,2,3,4,5,6,7,9,9,9,12,12,13,15,15,18,18,20,21,23,25,26,28,30,31,33,35,37,39,41,43,45,48,50,53,55,56,59,62,64,67,70,73,
-12,-12,-12,-12,-12,-12,-12,-12,-12,-11,-11,-11,-11,-11,-10,-10,-9,-9,-9,-8,-8,-8,-8,-8,-8,-7,-7,-6,-6,-6,-5,-5,-4,-4,-4,-3,-3,-2,-1,-1,0,2,2,3,4,5,6,6,9,9,10,12,13,14,15,15,17,18,20,22,23,25,27,28,30,32,33,36,37,40,43,44,46,49,50,53,56,58,60,63,66,69,71,74,78,
-12,-12,-12,-12,-12,-12,-12,-12,-11,-11,-11,-11,-11,-11,-10,-9,-9,-9,-8,-8,-8,-8,-8,-8,-7,-7,-7,-6,-6,-5,-5,-4,-4,-4,-3,-3,-2,-1,-1,-1,2,2,3,4,5,6,7,9,9,11,12,13,14,15,16,17,20,20,22,23,26,27,30,30,33,34,37,38,40,43,45,47,50,52,55,57,59,62,65,68,70,73,75,78,82,
-12,-12,-12,-12,-12,-12,-12,-11,-11,-11,-11,-10,-10,-10,-10,-9,-9,-8,-8,-8,-8,-8,-8,-7,-7,-7,-7,-6,-5,-4,-4,-4,-4,-4,-2,-1,-1,-1,1,2,2,3,4,5,6,7,8,9,11,11,14,14,15,17,17,20,20,23,24,26,27,30,31,33,35,37,39,42,44,45,48,50,52,55,58,61,62,65,69,72,75,78,80,83,87,
-12,-12,-12,-12,-12,-12,-11,-10,-10,-10,-10,-10,-10,-10,-10,-10,-8,-8,-8,-8,-8,-8,-7,-7,-7,-7,-7,-4,-4,-4,-4,-4,-3,-3,-1,-1,-1,1,1,2,4,4,5,6,7,8,10,11,11,14,15,16,17,18,20,21,23,25,26,28,29,32,34,35,38,39,42,45,46,49,52,54,57,59,62,64,67,70,73,77,80,83,86,90,93,
-12,-12,-12,-11,-10,-10,-10,-10,-10,-10,-10,-10,-10,-10,-10,-9,-8,-8,-8,-8,-8,-7,-7,-7,-7,-6,-4,-4,-4,-4,-4,-3,-3,-1,-1,0,1,1,2,4,4,5,7,8,8,11,11,13,14,15,16,17,19,20,22,23,25,26,29,30,32,35,36,39,41,42,45,47,50,52,54,57,60,64,67,68,71,74,77,81,84,87,91,95,98,
-11,-11,-11,-10,-10,-10,-10,-10,-10,-10,-10,-10,-10,-9,-9,-9,-8,-8,-8,-8,-7,-7,-7,-6,-6,-5,-4,-4,-4,-3,-3,-3,-1,0,0,1,1,3,4,4,6,7,8,9,10,11,13,14,16,16,18,19,20,22,24,25,27,29,31,33,35,37,39,41,44,47,48,51,54,56,59,61,64,67,70,73,76,79,82,86,89,93,96,99,104,
-11,-10,-10,-10,-10,-10,-10,-10,-10,-10,-10,-10,-9,-9,-9,-8,-8,-8,-8,-7,-7,-6,-6,-6,-5,-4,-4,-3,-3,-3,-3,-2,0,0,1,1,3,4,4,6,7,8,9,10,12,13,13,16,17,18,19,21,22,24,26,28,30,31,34,36,38,41,42,44,47,49,52,54,58,60,63,66,69,72,76,78,81,84,88,91,95,98,101,107,111,
-10,-10,-10,-10,-10,-10,-10,-10,-10,-10,-10,-9,-9,-9,-9,-8,-8,-7,-7,-6,-6,-6,-5,-5,-5,-3,-3,-3,-3,-3,-1,0,0,1,2,3,4,6,6,6,9,9,10,13,13,15,16,18,19,20,21,24,24,27,28,31,32,34,37,39,41,43,46,48,50,53,56,59,61,64,67,70,73,76,80,83,87,91,94,98,101,105,109,113,116,
-10,-10,-10,-10,-10,-10,-10,-10,-10,-9,-9,-9,-9,-9,-8,-8,-6,-6,-6,-6,-6,-5,-5,-4,-3,-3,-3,-3,-1,-1,0,1,2,2,3,5,6,6,8,9,10,11,13,13,15,16,18,19,20,21,24,25,27,29,31,33,36,38,39,42,43,46,49,51,55,57,60,63,65,68,72,75,78,81,85,88,92,96,100,103,107,111,116,120,124,
-10,-10,-10,-10,-10,-10,-10,-9,-9,-9,-9,-9,-8,-7,-6,-6,-6,-6,-6,-6,-4,-4,-4,-3,-3,-3,-2,-1,-1,0,2,2,2,3,5,6,6,8,9,11,11,13,14,15,18,18,20,21,22,24,26,28,29,32,33,36,39,40,43,45,48,50,53,55,58,61,65,67,70,73,77,80,83,87,90,94,98,102,105,110,115,118,122,127,132,
-10,-10,-10,-10,-10,-9,-9,-9,-8,-8,-8,-8,-7,-6,-6,-6,-6,-6,-4,-4,-4,-4,-3,-3,-2,-2,-1,-1,0,2,2,3,4,5,6,7,8,9,11,11,14,15,16,18,19,20,22,23,25,26,29,30,33,35,36,39,41,44,46,48,51,55,57,60,63,65,69,72,74,78,82,85,89,92,96,99,105,108,112,117,121,125,130,134,140,
-10,-10,-9,-8,-8,-8,-8,-8,-8,-8,-7,-6,-6,-6,-5,-5,-4,-4,-4,-4,-4,-2,-2,-2,-1,-1,0,1,2,2,4,4,6,7,8,8,11,11,13,14,15,17,18,20,21,22,23,26,28,29,31,33,35,38,41,42,45,48,50,53,55,58,61,64,67,70,74,77,80,84,87,92,95,99,102,107,111,114,120,124,128,133,137,142,148,
-8,-8,-8,-8,-8,-8,-8,-8,-7,-6,-6,-5,-5,-5,-5,-4,-4,-4,-3,-3,-2,-2,-2,-1,0,0,2,2,4,4,4,7,7,8,9,11,11,13,15,16,17,19,20,22,23,24,26,28,31,32,34,37,38,41,43,46,48,50,54,57,60,62,65,69,72,75,79,82,86,89,93,97,101,104,109,114,118,122,126,132,136,141,146,151,157,
-8,-8,-8,-8,-8,-8,-6,-5,-5,-5,-5,-5,-5,-4,-4,-3,-3,-3,-2,-2,-2,0,0,0,1,3,3,4,4,6,7,7,9,9,11,13,13,16,16,18,20,21,22,24,25,27,28,31,33,35,38,40,43,44,47,50,53,55,58,61,64,66,69,73,77,81,84,88,91,95,99,103,108,112,116,120,125,130,135,140,145,150,155,160,166,
-7,-7,-7,-7,-5,-5,-5,-5,-5,-5,-5,-3,-3,-3,-3,-3,-3,-2,-1,-1,0,0,0,2,3,4,4,5,6,7,9,9,10,12,13,14,16,17,18,20,22,22,24,26,28,30,31,34,36,39,40,43,46,48,50,54,56,59,62,66,69,72,75,78,81,86,90,93,97,102,106,110,115,118,123,128,132,138,143,148,153,159,164,170,175,
-7,-5,-5,-5,-5,-5,-4,-4,-4,-3,-3,-3,-3,-3,-3,-1,-1,-1,0,0,1,2,3,3,5,5,6,7,8,9,9,12,13,14,15,16,18,19,21,22,24,25,27,29,31,33,36,37,40,42,45,47,49,52,55,58,61,64,67,71,74,77,81,84,88,92,96,100,103,108,112,118,122,127,131,137,141,147,152,157,162,169,174,180,187,
