0,0,0,0,0,0,0,0,0,0,0,0,0,0,0,-6,-6,-6,-6,-6,-6,-6,-6,-6,-6,-6,0,0,0,0,0,0,0,-3,-3,-3,-3,-3,0,1,2,2,3,4,4,6,6,6,7,7,7,9,9,10,10,10,12,12,14,14,17,17,18,18,20,23,24,26,26,27,31,32,35,37,37,39,41,43,43,49,50,52,54,57,59,60,65,66,68,72,74,77,80,84,
0,0,0,0,0,0,0,0,0,0,0,0,0,0,0,-6,-6,-6,-6,-6,-6,-6,-6,0,0,0,0,0,0,0,0,0,0,-4,-3,-3,-3,-3,-3,-1,1,2,3,3,4,4,6,6,6,7,7,8,9,9,10,10,12,12,13,14,16,17,18,18,20,22,23,24,26,27,29,32,34,35,37,39,41,41,43,49,50,52,53,55,58,60,65,66,68,71,74,76,80,84,
-10,-10,-10,-10,0,0,0,0,0,0,0,0,-8,-7,-7,-7,-7,-7,-7,-6,-6,0,0,0,0,0,0,0,0,0,-4,-4,-4,-4,-4,-3,-3,-3,-3,-2,-1,1,2,3,3,4,5,6,6,7,7,7,9,9,10,10,10,12,12,14,15,17,17,18,18,21,23,24,26,27,28,32,33,35,37,39,39,41,43,49,50,50,53,55,58,60,65,66,68,70,74,76,80,83,
-11,-11,-11,-11,-10,0,0,0,0,0,-10,-10,-10,-10,-9,-8,-7,-7,-7,-7,0,0,0,0,0,0,0,0,-6,-6,-6,-4,-4,-4,-4,-4,-3,-3,-3,-3,-2,0,1,2,3,3,4,6,6,6,7,7,8,9,9,10,10,12,12,13,14,16,17,18,18,21,22,24,26,26,28,32,32,35,37,37,39,41,44,48,49,50,53,55,58,61,64,66,68,70,74,77,79,83,
-11,-11,-11,-11,-11,0,0,0,0,0,-11,-10,-10,-10,-10,-10,-10,-10,-8,0,0,0,0,0,0,0,0,-6,-6,-6,-6,-6,-5,-4,-4,-4,-4,-3,-3,-3,-3,-1,0,1,2,3,4,4,6,6,7,7,7,9,9,10,10,10,12,12,13,15,17,17,18,19,22,23,24,26,28,30,32,35,35,37,39,41,43,46,49,50,53,55,58,60,63,65,67,69,73,76,78,82,
-12,-12,-12,-12,-12,0,0,0,0,0,-11,-11,-11,-11,-11,-11,-10,-10,0,0,0,0,0,0,0,0,-7,-7,-6,-6,-6,-6,-6,-5,-4,-4,-4,-4,-3,-3,-3,-2,-1,0,2,3,3,4,5,6,6,7,7,7,9,9,10,10,11,12,13,14,17,17,18,18,21,23,24,27,27,29,32,34,35,37,39,40,43,46,49,50,53,53,58,60,63,65,67,69,74,76,78,82,
-13,-13,-13,-13,-13,0,0,0,0,0,-11,-11,-11,-11,-11,-11,-11,-11,0,0,0,0,0,0,0,-7,-7,-7,-7,-7,-7,-6,-6,-6,-5,-4,-4,-4,-4,-3,-3,-3,-2,-1,0,1,3,3,4,5,6,6,7,7,8,9,10,10,10,12,12,13,15,17,18,18,21,22,24,27,27,29,32,33,35,37,38,40,43,46,49,49,51,53,57,60,62,65,66,69,73,76,78,82,
-13,-13,-13,-13,-13,0,0,0,0,0,-13,-13,-12,-11,-11,-11,-11,0,0,0,0,0,0,0,-9,-8,-8,-7,-7,-7,-7,-7,-7,-6,-6,-5,-5,-4,-4,-4,-3,-3,-2,-1,-1,0,1,3,4,5,6,6,7,7,7,9,9,10,10,12,12,13,15,17,17,18,20,21,24,25,27,29,30,33,35,36,37,40,44,46,48,49,50,54,57,60,62,65,67,70,74,76,78,82,
-13,-13,-13,-13,-13,0,0,0,0,0,-13,-13,-13,-13,-13,-12,0,0,0,0,0,0,0,-11,-11,-9,-9,-8,-8,-7,-7,-7,-7,-7,-7,-6,-5,-5,-4,-4,-4,-3,-2,-2,-1,0,0,2,4,4,5,6,6,7,7,8,9,10,10,11,12,13,13,16,17,18,19,21,23,25,27,28,29,33,35,35,38,40,44,45,46,49,50,54,58,59,61,64,66,69,73,75,77,81,
-15,-14,-14,-14,-14,0,0,0,0,0,-13,-13,-13,-13,-13,0,0,0,0,0,0,0,-11,-11,-11,-11,-11,-9,-9,-8,-8,-7,-7,-7,-7,-7,-6,-5,-5,-4,-4,-3,-2,-2,-2,-1,0,1,4,4,4,5,6,7,7,7,9,9,10,10,12,12,13,15,17,17,19,21,23,25,28,28,29,33,34,35,38,40,43,45,46,49,50,53,57,59,61,64,67,70,73,75,77,82,
-16,-16,-16,-16,-16,0,0,0,0,0,-14,-14,-14,-13,0,0,0,0,0,0,0,-11,-11,-11,-11,-11,-11,-11,-10,-9,-9,-8,-7,-7,-7,-7,-7,-7,-5,-5,-4,-4,-2,-2,-2,-2,-1,0,2,4,4,5,6,6,7,7,8,9,10,10,11,12,13,15,17,17,18,19,22,25,26,28,29,31,34,35,38,40,41,45,46,49,50,54,57,59,61,64,68,70,73,75,77,83,
-16,-16,-16,-16,-16,0,0,0,0,0,-15,-15,-15,0,0,0,0,0,0,0,-13,-13,-11,-11,-11,-11,-11,-11,-11,-11,-10,-9,-8,-8,-7,-7,-7,-7,-7,-5,-5,-4,-3,-2,-2,-2,-1,-1,2,3,4,4,5,6,7,7,7,9,9,10,10,12,12,14,15,17,18,20,22,25,26,28,28,31,34,36,38,40,42,45,45,48,51,55,57,59,61,65,68,70,73,75,79,83,
-16,-16,-16,-16,-16,0,0,0,0,0,-16,-16,0,0,0,0,0,0,0,-15,-14,-13,-13,-13,-11,-11,-11,-11,-11,-11,-11,-10,-9,-9,-8,-7,-7,-7,-7,-7,-6,-5,-3,-3,-2,-2,-2,-1,1,2,3,4,5,6,6,7,7,8,9,10,10,11,12,13,15,17,18,20,22,25,26,28,28,30,34,35,37,39,42,44,45,49,52,55,57,59,61,66,67,70,72,77,79,83,
-17,-16,-16,-16,-16,0,0,0,0,0,-16,0,0,0,0,0,0,0,-15,-15,-15,-15,-15,-14,-13,-12,-11,-11,-11,-11,-11,-11,-10,-9,-9,-8,-8,-7,-7,-7,-7,-6,-4,-3,-3,-2,-2,-2,0,2,3,3,4,5,6,7,7,7,9,9,10,10,12,12,14,17,18,20,21,25,26,27,29,30,34,36,37,39,42,44,46,50,53,55,56,58,62,66,67,70,73,77,79,82,
-18,-18,-18,-17,-17,0,0,0,0,0,0,0,0,0,0,0,0,0,-16,-15,-15,-15,-15,-15,-15,-14,-13,-11,-11,-11,-11,-11,-11,-10,-9,-9,-8,-8,-7,-7,-7,-7,-5,-4,-3,-2,-2,-2,0,2,2,3,4,4,5,6,7,7,8,9,10,10,12,12,14,15,19,20,21,24,25,26,29,29,34,36,37,39,42,44,47,50,52,53,56,59,63,66,67,70,75,77,79,83,
-19,-18,-18,-18,-18,0,0,0,0,0,0,0,0,0,0,0,0,-16,-16,-16,-16,-15,-15,-15,-15,-15,-15,-13,-13,-12,-11,-11,-11,-11,-9,-9,-9,-9,-8,-7,-7,-7,-6,-5,-4,-3,-2,-2,-1,1,2,2,3,4,5,6,7,7,7,9,9,10,10,12,14,16,19,20,21,23,25,27,29,30,34,36,36,39,42,45,47,49,52,53,57,60,63,65,67,73,75,77,80,84,
-19,-19,-19,-19,-19,0,0,0,0,0,0,0,0,0,0,0,-17,-17,-17,-16,-16,-16,-16,-15,-15,-15,-15,-15,-14,-13,-12,-12,-11,-11,-11,-10,-9,-9,-9,-8,-7,-7,-6,-5,-5,-4,-3,-2,-1,0,2,2,3,3,4,5,6,7,7,8,9,10,10,12,13,16,18,20,21,22,25,27,28,31,34,35,37,39,42,46,47,49,52,53,59,61,63,65,69,73,75,77,81,85,
-20,-20,-19,-19,-19,0,0,0,0,0,-19,-19,0,0,0,-18,-17,-17,-17,-17,-17,-17,-16,-16,-16,-15,-15,-15,-15,-14,-14,-13,-12,-12,-11,-10,-10,-9,-9,-9,-8,-7,-6,-6,-5,-5,-3,-2,-1,0,1,2,2,3,4,5,6,7,7,7,9,9,10,12,13,16,18,20,20,22,26,26,29,31,34,36,37,39,44,44,47,49,52,55,59,61,63,66,70,72,74,80,83,85,
-21,-21,-21,-21,-20,0,0,0,0,0,-19,-19,-19,0,0,0,0,-19,-18,-17,-17,-17,-17,-17,-16,-16,-16,-15,-15,-14,-14,-14,-13,-12,-12,-12,-10,-10,-9,-9,-9,-7,-6,-6,-6,-5,-5,-3,-1,0,0,2,2,3,3,4,5,6,7,7,9,9,10,10,15,15,18,20,20,22,25,27,30,31,33,36,37,41,43,45,47,50,53,56,58,60,64,67,70,72,76,80,82,86,
-22,-22,-22,-22,-22,0,0,0,0,0,-20,-20,-20,-20,0,0,0,0,-19,-19,-19,-17,-17,-17,-17,-17,-16,-16,-16,-15,-14,-14,-14,-14,-12,-12,-11,-10,-10,-9,-9,-8,-6,-6,-6,-6,-5,-4,-1,0,0,2,2,2,3,3,5,6,7,7,8,9,10,10,15,16,18,19,20,23,24,28,29,31,33,36,38,41,44,45,47,51,55,55,59,61,65,68,70,74,77,80,83,87,
-23,-23,-22,-22,-22,0,0,0,0,0,-21,-21,-20,-20,-20,-20,0,0,0,-19,-19,-19,-19,-18,-17,-17,-17,-16,-16,-16,-14,-14,-14,-14,-14,-12,-11,-11,-11,-10,-9,-8,-7,-6,-6,-6,-5,-4,-2,0,0,1,2,2,3,3,4,6,6,7,7,9,9,12,15,16,17,19,22,22,26,28,28,32,33,36,38,41,44,45,49,52,54,56,60,62,66,68,72,75,78,81,85,87,
-23,-23,-23,-23,-23,0,0,0,0,0,-21,-21,-21,-21,-21,-20,-20,0,0,0,-20,-20,-20,-19,-19,-18,-17,-17,-16,-16,-15,-14,-14,-14,-14,-14,-11,-11,-11,-11,-10,-8,-7,-7,-6,-6,-6,-4,-3,-2,0,1,1,2,2,3,3,5,6,7,7,9,10,13,14,16,16,18,22,22,26,28,30,32,33,37,39,41,44,47,50,52,54,57,61,63,66,71,73,77,80,83,86,89,
-24,-24,-24,-24,-24,0,0,0,0,0,-21,-21,-21,-21,-21,-21,-21,-21,0,0,0,0,-20,-20,-20,-20,-19,-18,-17,-16,-16,-15,-15,-14,-14,-14,-14,-12,-11,-11,-11,-9,-7,-7,-6,-6,-5,-5,-3,-3,-1,1,1,2,2,2,3,4,6,6,7,7,11,13,14,16,16,20,21,24,25,27,30,32,34,38,40,41,45,46,50,52,56,58,62,64,68,71,74,79,81,83,88,91,
-25,-25,-25,-25,-25,0,0,0,0,0,-23,-23,-23,-21,-21,-21,-21,-21,-21,0,0,0,0,-20,-20,-20,-20,-20,-19,-18,-16,-15,-15,-15,-14,-14,-14,-13,-12,-11,-10,-10,-8,-7,-7,-6,-5,-5,-4,-3,-2,1,1,1,2,2,3,4,5,6,7,9,13,13,14,15,17,20,23,24,25,29,30,33,34,39,40,42,45,48,50,54,57,59,63,66,69,73,76,80,81,87,90,93,
-25,-25,-25,-25,-25,0,0,0,0,0,-24,-24,-23,-23,-23,-22,-22,-21,-21,-21,0,0,0,0,-20,-20,-20,-20,-20,-20,-19,-16,-15,-15,-15,-14,-14,-13,-13,-12,-10,-10,-10,-7,-7,-7,-5,-4,-4,-3,-2,0,1,1,2,2,3,3,4,6,6,9,13,13,14,15,18,21,23,24,26,29,31,33,36,38,41,42,47,48,52,55,58,61,65,66,70,74,77,79,83,88,91,96,
-26,-25,-25,-25,-25,0,0,0,0,0,-24,-24,-24,-24,-24,-23,-22,-22,-22,-22,-22,0,0,0,0,0,-20,-20,-20,-20,-20,-17,-17,-15,-15,-15,-14,-13,-13,-12,-11,-10,-10,-9,-7,-6,-6,-4,-4,-4,-2,-1,1,1,1,2,2,3,4,6,8,11,11,13,13,15,19,21,23,25,26,30,32,35,37,38,42,45,47,50,54,56,59,62,64,68,72,75,77,82,86,88,95,98,
-27,-27,-27,-27,-27,0,0,0,0,0,-24,-24,-24,-24,-24,-24,-24,-24,-22,-22,-22,-22,0,0,0,0,0,0,-20,-20,-20,-19,-18,-17,-16,-15,-15,-13,-13,-12,-12,-11,-10,-9,-9,-6,-6,-4,-4,-4,-2,-2,0,1,1,2,2,3,4,7,9,11,11,13,14,16,19,21,23,25,27,31,33,35,37,40,43,45,49,51,55,57,60,63,66,71,73,77,80,83,87,91,95,100,
-29,-29,-29,-28,-28,0,0,0,0,0,-25,-25,-25,-25,-24,-24,-24,-24,-24,0,0,0,0,0,0,0,0,0,0,0,0,-19,-18,-18,-17,-16,-15,-14,-12,-12,-12,-12,-10,-9,-8,-6,-5,-5,-4,-4,-3,-2,-1,1,1,1,2,2,4,7,10,10,11,12,15,18,19,21,24,26,28,31,33,37,38,41,43,46,50,52,56,58,61,65,69,72,74,79,82,86,90,93,97,103,
-29,-29,-29,-29,-29,0,0,0,0,0,-27,-27,-25,-25,-25,-25,-25,-24,0,0,0,0,0,0,0,0,0,0,0,0,0,-19,-19,-18,-18,-17,-15,-14,-13,-12,-12,-12,-11,-9,-8,-7,-5,-5,-5,-3,-3,-3,-1,0,1,1,2,2,7,7,10,10,11,13,17,17,20,23,24,26,29,32,34,37,41,41,45,48,50,55,57,60,63,67,70,74,78,80,85,88,92,96,100,105,
-29,-29,-29,-29,-29,0,0,0,0,0,-28,-28,-28,-28,-26,-26,-25,-25,-25,-25,-23,-23,-23,-23,-23,-22,-22,-22,-22,-22,-20,-19,-19,-18,-18,-18,-16,-14,-13,-13,-12,-12,-11,-10,-8,-7,-6,-5,-5,-3,-3,-3,-1,0,1,1,1,5,6,8,9,10,12,16,17,17,21,24,24,28,31,33,35,40,40,44,47,48,54,57,57,63,65,69,72,77,80,83,87,91,94,100,103,108,
-30,-30,-29,-29,-28,0,0,0,0,0,-28,-28,-28,-28,-28,-28,-27,-27,-26,-25,-25,-24,-23,-23,-23,-23,-23,-22,-22,-22,-21,-20,-20,-18,-18,-18,-16,-14,-14,-13,-13,-12,-10,-10,-9,-7,-6,-5,-5,-3,-3,-3,-2,-1,0,1,2,6,7,8,9,11,13,16,17,19,23,23,25,30,31,33,38,40,41,46,47,53,55,56,62,64,67,71,75,78,83,86,91,93,99,101,107,110,
-30,-30,-30,-29,-29,0,0,0,0,0,-28,-28,-28,-28,-28,-28,-28,-28,-27,-27,-27,-24,-24,-24,-23,-23,-23,-23,-23,-21,-21,-21,-20,-19,-18,-17,-16,-16,-14,-14,-13,-13,-10,-10,-9,-7,-6,-6,-4,-4,-3,-3,-2,-1,0,2,4,6,7,8,10,12,14,16,17,21,23,24,28,31,31,37,38,40,44,46,50,54,54,61,62,66,70,73,78,80,85,89,92,97,101,106,109,115,
-30,-29,-29,-29,-29,0,0,0,0,0,-29,-29,-29,-28,-28,-28,-28,-28,-28,-27,-27,-26,-26,-24,-24,-24,-23,-23,-23,-22,-21,-21,-21,-19,-18,-16,-16,-16,-15,-14,-13,-12,-11,-10,-9,-9,-6,-6,-5,-4,-3,-3,-2,-2,1,3,5,6,7,7,11,13,14,17,20,21,23,26,30,30,34,37,39,43,45,49,52,54,59,61,65,69,72,76,80,85,87,92,96,99,105,109,112,118,
-30,-30,-30,-29,-29,0,0,0,0,0,-29,-29,-29,-29,-29,-29,-29,-28,-28,-28,-27,-26,-26,-26,-26,-24,-24,-23,-22,-22,-22,-21,-21,-19,-18,-17,-16,-16,-15,-15,-13,-11,-11,-9,-9,-9,-6,-5,-5,-4,-3,-2,-2,-1,3,3,6,6,7,9,13,13,15,17,20,22,24,28,30,33,37,38,41,44,48,51,54,57,60,64,68,70,75,79,83,86,92,94,100,104,108,113,118,123,
-32,-32,-31,-31,-31,0,0,0,0,0,-29,-29,-29,-29,-29,-29,-29,-29,-29,-29,-27,-26,-26,-26,-26,-26,-25,-23,-22,-22,-22,-22,-21,-19,-19,-17,-17,-16,-16,-14,-14,-11,-11,-10,-9,-9,-7,-5,-5,-5,-3,-2,-1,0,3,3,5,6,8,11,13,13,16,19,21,24,27,28,33,35,37,40,44,47,50,52,57,58,63,67,71,74,78,82,86,90,94,99,103,107,113,116,122,127,
-32,-32,-32,-32,-32,0,0,0,0,0,-31,-30,-29,-29,-29,-29,-29,-29,-29,-29,-29,-27,-26,-26,-26,-26,-26,-24,-24,-22,-22,-21,-21,-20,-18,-17,-17,-17,-16,-14,-13,-12,-10,-10,-10,-9,-6,-6,-5,-5,-3,-1,0,1,2,5,5,8,9,11,12,15,17,20,22,25,27,32,33,36,39,43,46,48,51,56,58,62,65,70,73,78,81,85,90,93,99,102,106,113,116,122,127,132,
-32,-32,-32,-32,-32,0,0,0,0,0,-31,-31,-31,-31,-31,-29,-29,-29,-29,-29,-29,-27,-27,-27,-26,-26,-25,-25,-24,-23,-21,-21,-21,-19,-19,-18,-17,-17,-16,-14,-13,-12,-10,-10,-10,-10,-6,-6,-5,-5,-3,0,1,1,3,5,7,9,10,11,14,16,19,21,24,26,29,33,34,38,41,45,46,52,54,58,61,64,69,71,77,81,85,89,93,98,103,107,112,115,121,127,132,137,
-33,-32,-32,-32,-32,0,0,0,0,0,-32,-32,-32,-31,-31,-31,-31,-30,-29,-29,-28,-27,-27,-27,-27,-26,-25,-24,-24,-23,-22,-22,-20,-19,-19,-19,-17,-16,-16,-15,-12,-12,-11,-10,-10,-8,-6,-6,-6,-4,-1,1,1,2,3,7,8,9,10,14,15,17,21,23,25,28,32,34,37,40,45,46,52,53,57,61,65,68,72,76,79,84,89,93,97,102,107,112,116,120,127,131,137,143,
-33,-33,-33,-33,-33,0,0,0,0,0,-32,-32,-32,-32,-32,-31,-31,-31,-31,-30,-28,-28,-27,-27,-26,-25,-25,-25,-24,-24,-23,-22,-20,-19,-19,-19,-17,-16,-16,-14,-13,-12,-11,-11,-9,-8,-7,-6,-5,-3,0,0,1,3,7,7,9,9,12,15,16,21,22,23,28,30,33,36,39,43,46,50,52,58,60,65,66,73,75,80,83,89,92,97,102,107,110,115,121,127,133,137,143,149,
-33,-33,-33,-33,-33,0,0,0,0,0,-33,-33,-33,-32,-32,-32,-32,-31,-31,-30,-30,-28,-27,-25,-25,-25,-25,-25,-25,-24,-23,-21,-20,-20,-19,-18,-18,-17,-16,-13,-13,-12,-11,-11,-9,-8,-7,-5,-4,-3,0,0,3,6,7,8,11,11,15,15,19,21,23,28,29,32,37,38,42,45,50,52,55,59,64,66,72,74,80,83,88,92,97,103,106,111,116,121,128,133,138,143,148,156,
-34,-34,-34,-33,-33,0,0,0,0,0,-33,-33,-33,-33,-33,-33,-32,-32,-31,-30,-29,-27,-26,-26,-26,-25,-25,-25,-25,-25,-24,-20,-20,-19,-19,-18,-18,-17,-15,-13,-13,-13,-11,-10,-10,-7,-6,-5,-3,-1,0,2,6,7,8,10,11,13,15,17,21,23,27,29,30,36,39,42,44,48,52,54,59,63,67,71,75,80,84,87,92,96,102,106,112,118,122,127,134,139,144,150,155,161,
-35,-35,-35,-35,-35,0,0,0,0,0,-33,-33,-33,-33,-33,-33,-33,-32,-31,-28,-28,-27,-27,-26,-26,-26,-25,-25,-25,-25,-24,-21,-19,-19,-19,-19,-18,-15,-15,-13,-13,-13,-11,-10,-8,-5,-5,-4,-3,-1,3,4,5,8,10,10,12,15,17,19,23,24,28,31,35,37,41,44,47,52,55,59,61,67,70,75,79,84,88,92,98,103,107,112,117,123,127,134,139,145,151,158,164,169,
-35,-35,-35,-35,0,0,0,0,0,0,-33,-33,-33,-32,-32,-32,-32,-30,-30,-30,-29,-27,-27,-26,-26,-26,-26,-26,-25,-24,-23,-20,-20,-19,-19,-19,-18,-15,-15,-14,-13,-12,-10,-9,-7,-6,-4,-4,-2,2,3,4,6,10,11,12,14,16,19,23,25,27,31,35,36,40,44,48,50,55,59,61,67,69,75,79,83,89,91,98,103,107,112,118,122,129,134,141,147,152,157,165,172,178,
-35,0,0,0,0,0,0,0,0,0,-34,-34,-33,-32,-32,-31,-30,-30,-30,-30,-29,-28,-28,-27,-26,-26,-26,-26,-25,-23,-22,-20,-20,-19,-19,-18,-17,-15,-14,-14,-14,-10,-10,-8,-7,-5,-4,-4,1,3,3,6,9,11,12,14,15,18,23,24,27,30,32,37,39,43,47,50,54,58,62,67,70,75,81,83,88,93,97,103,107,112,118,124,130,135,142,147,154,160,166,172,179,185,
0,0,0,0,0,0,0,0,0,0,-34,-34,-34,-32,-31,-31,-30,-30,-30,-30,-29,-28,-28,-28,-27,-26,-26,-25,-24,-23,-22,-21,-20,-20,-18,-17,-17,-16,-14,-13,-12,-10,-9,-8,-6,-5,-2,-1,2,3,4,10,10,12,14,14,18,21,24,27,30,33,36,39,44,46,51,54,58,63,66,70,75,80,85,88,94,99,104,108,114,119,126,130,136,143,150,155,161,169,174,181,189,195,
-35,-35,0,0,0,0,0,0,0,0,0,-33,-33,-32,-32,-31,-31,-31,-30,-29,-29,-28,-28,-28,-28,-26,-24,-24,-23,-23,-22,-21,-20,-19,-17,-17,-17,-15,-13,-12,-11,-9,-9,-7,-4,-3,-2,2,2,4,9,10,12,14,15,19,21,23,27,30,32,37,39,44,46,52,54,58,62,67,71,76,80,84,89,93,99,105,109,114,120,127,132,138,143,150,157,163,170,177,183,191,199,206,
-36,-36,-35,-35,-35,-35,0,0,0,0,0,-32,-32,-32,-32,-32,-31,-31,-30,-30,-29,-28,-28,-28,-26,-25,-24,-24,-23,-23,-23,-21,-19,-19,-18,-16,-15,-14,-12,-11,-10,-9,-7,-6,-3,-2,1,2,5,8,10,12,14,15,19,20,22,26,29,33,37,39,44,47,51,53,59,63,67,70,76,81,84,91,95,99,106,110,115,121,127,134,140,146,152,158,165,171,178,186,192,200,208,216,
-36,-36,-35,-34,-34,-34,-34,-34,-33,0,0,-33,-32,-32,-32,-32,-32,-31,-30,-30,-30,-28,-27,-26,-26,-26,-25,-23,-23,-23,-22,-20,-19,-17,-17,-16,-15,-12,-11,-11,-9,-6,-5,-4,-2,0,3,5,7,9,13,14,15,18,20,24,26,29,32,36,40,43,47,51,55,60,63,67,71,76,83,85,91,97,102,106,112,118,123,129,135,142,148,155,159,168,175,181,190,197,204,211,218,228,
-35,-35,-35,-35,-34,-34,-33,-33,-33,-33,-33,-33,-33,-33,-32,-32,-32,-30,-30,-30,-29,-27,-26,-26,-26,-26,-24,-23,-23,-22,-20,-19,-17,-17,-17,-16,-12,-12,-11,-9,-8,-5,-5,-3,-1,2,5,6,9,12,14,15,18,19,24,26,30,33,37,39,44,47,52,55,59,63,68,72,78,83,87,91,96,103,109,114,119,124,131,136,143,150,157,164,170,178,185,193,199,207,215,224,231,240,
-37,-37,-34,-34,-33,-33,-33,-33,-33,-33,-33,-33,-33,-33,-33,-31,-31,-30,-29,-28,-28,-27,-27,-26,-26,-25,-24,-23,-21,-21,-20,-18,-17,-17,-16,-14,-11,-11,-9,-7,-6,-5,-4,1,2,5,6,8,13,13,17,18,21,24,25,30,33,37,39,45,48,52,55,61,65,69,72,78,82,87,93,99,103,109,114,121,127,132,139,145,152,158,165,173,181,187,194,202,209,219,226,234,245,253,
-36,-36,-36,-36,-34,-33,-33,-33,-33,-33,-33,-33,-33,-33,-31,-31,-31,-30,-28,-28,-28,-27,-27,-25,-24,-24,-22,-22,-21,-20,-19,-18,-16,-16,-14,-11,-11,-10,-8,-6,-5,-2,0,2,4,7,10,13,14,17,18,21,24,25,31,32,37,41,44,48,52,56,61,63,69,74,79,84,88,94,100,106,110,116,121,128,135,141,147,153,162,169,175,183,191,197,206,213,222,231,239,247,257,267,
-36,-36,-36,-36,-35,-34,-34,-34,-33,-33,-32,-32,-32,-31,-31,-30,-30,-29,-27,-27,-26,-26,-25,-25,-23,-22,-22,-22,-19,-19,-19,-16,-15,-14,-13,-10,-9,-9,-7,-4,-2,0,2,4,7,9,11,14,16,19,21,24,28,30,34,37,41,44,50,53,56,62,65,69,76,80,85,90,96,100,107,113,119,124,131,136,143,151,158,164,172,179,187,194,202,211,217,225,235,243,253,263,271,281,
-36,-36,-36,-36,-35,-34,-33,-33,-33,-32,-31,-30,-30,-29,-29,-29,-29,-29,-28,-26,-26,-25,-25,-24,-23,-22,-22,-21,-19,-17,-16,-16,-14,-13,-10,-9,-8,-8,-3,-2,-1,1,5,6,8,12,14,17,19,21,25,28,30,34,37,41,45,50,53,57,62,66,72,76,82,86,92,96,103,109,114,119,126,132,139,146,152,159,166,173,180,189,197,204,212,221,231,239,249,256,267,276,285,297,
-34,-34,-34,-33,-33,-33,-32,-32,-32,-30,-30,-30,-29,-29,-29,-29,-29,-29,-28,-26,-25,-24,-24,-23,-23,-21,-19,-18,-18,-17,-16,-15,-12,-10,-9,-8,-7,-4,-2,-1,3,5,7,9,12,15,18,19,21,25,28,31,34,39,41,48,49,54,58,63,67,72,77,81,86,92,97,103,109,117,123,128,134,140,146,155,162,169,177,184,192,200,207,218,226,234,243,253,261,272,282,291,302,312,
-35,-34,-33,-33,-33,-32,-30,-30,-30,-30,-30,-30,-30,-29,-29,-29,-29,-28,-24,-24,-23,-23,-23,-23,-21,-19,-18,-18,-18,-15,-12,-12,-10,-9,-9,-6,-5,-2,0,1,5,6,10,12,16,17,19,23,25,28,34,34,40,42,47,51,55,60,63,67,72,79,83,87,93,100,105,110,116,123,131,137,144,149,157,164,171,180,189,197,204,213,220,229,239,248,259,266,279,287,298,308,320,330,
-35,-33,-33,-31,-31,-31,-30,-29,-29,-29,-29,-29,-29,-29,-28,-28,-25,-24,-24,-24,-24,-22,-22,-21,-20,-18,-17,-17,-15,-12,-12,-11,-10,-7,-6,-3,-1,1,2,5,8,10,13,15,18,21,22,26,29,33,35,40,43,47,52,55,59,65,69,74,79,86,89,96,101,107,112,119,125,131,139,145,153,161,167,175,183,190,198,208,216,225,235,243,253,263,272,282,292,303,315,325,336,348,
-31,-31,-31,-31,-31,-31,-29,-29,-29,-29,-29,-29,-29,-28,-27,-25,-25,-24,-23,-23,-23,-20,-20,-19,-18,-16,-16,-14,-13,-12,-11,-8,-6,-6,-4,0,0,2,7,8,9,14,16,19,21,23,28,30,33,36,40,44,48,51,57,60,66,71,76,80,87,90,97,103,109,115,120,127,133,141,148,154,161,170,179,186,193,203,211,221,229,237,249,257,268,277,289,298,309,320,331,343,355,368,
-31,-31,-31,-31,-31,-31,-30,-29,-29,-28,-28,-28,-26,-25,-24,-24,-22,-22,-22,-22,-21,-20,-19,-17,-17,-14,-14,-12,-10,-8,-8,-7,-6,-2,0,1,4,7,8,10,14,17,19,21,24,27,30,35,38,41,44,50,51,58,63,66,72,76,82,87,93,96,104,110,117,124,130,136,141,150,158,165,173,180,191,199,206,214,224,234,243,252,264,273,282,294,304,316,326,338,351,363,375,388,
-30,-30,-30,-30,-29,-28,-28,-28,-27,-25,-25,-25,-24,-24,-24,-23,-22,-22,-21,-20,-20,-18,-16,-14,-14,-13,-12,-9,-9,-8,-7,-3,-1,-1,2,5,7,10,12,15,17,20,23,25,28,33,35,39,42,45,50,54,58,64,69,72,78,83,89,95,101,105,112,118,125,132,138,146,154,161,169,177,184,192,202,210,219,229,239,247,258,268,280,288,300,312,322,333,345,358,370,383,396,409,
-29,-29,-28,-28,-27,-26,-26,-26,-26,-25,-24,-24,-24,-23,-23,-21,-19,-19,-19,-18,-17,-15,-14,-13,-13,-11,-9,-8,-6,-5,-2,-1,0,3,6,7,11,12,16,18,22,23,25,29,32,35,41,43,46,52,56,60,64,69,75,80,84,90,97,102,109,113,120,127,135,142,149,157,164,171,179,188,196,204,216,222,232,243,252,261,273,283,295,305,318,329,341,354,365,378,392,406,420,432,
-27,-26,-26,-25,-25,-25,-25,-24,-24,-24,-23,-22,-22,-21,-20,-20,-20,-18,-17,-16,-14,-12,-12,-11,-10,-8,-7,-6,-4,-2,0,3,4,6,9,11,15,18,18,23,24,28,30,33,38,40,45,48,53,56,61,67,72,75,82,88,93,99,106,111,118,123,130,137,144,151,159,166,175,184,192,200,208,219,229,237,247,258,267,277,289,301,310,323,336,348,361,373,386,399,412,427,442,455,
-26,-25,-25,-25,-23,-23,-23,-23,-23,-23,-21,-20,-19,-19,-18,-18,-16,-14,-14,-13,-12,-11,-11,-9,-8,-5,-4,-4,0,1,2,5,9,10,11,16,17,22,23,26,29,32,36,38,43,46,51,53,58,63,68,74,78,83,88,95,101,106,113,119,126,132,140,148,154,162,171,179,186,194,205,213,223,233,241,252,263,274,285,295,306,319,329,342,356,367,379,394,409,422,436,450,466,481,
