0,0,0,0,0,0,0,0,0,0,0,0,0,0,-8,-8,-8,-7,-7,-7,-7,-7,-7,-7,-7,-7,-7,-7,0,0,0,0,0,0,0,0,0,0,0,0,0,0,0,-4,-4,-3,-3,-2,-1,-1,0,1,1,2,2,2,2,2,4,4,4,4,5,5,6,7,8,8,9,11,11,12,12,14,15,17,18,20,23,23,25,25,27,29,32,32,35,36,39,40,41,44,45,48,52,52,54,58,60,62,64,67,69,72,
0,0,0,0,0,0,0,0,0,0,0,0,0,0,-9,-9,-9,-9,-9,-9,-8,-8,-8,-7,-7,-7,-7,-7,0,0,0,0,0,0,0,0,0,0,0,0,0,0,0,-5,-4,-4,-3,-3,-2,-1,-1,0,1,1,2,2,2,2,2,4,4,4,5,5,5,6,7,8,8,10,11,11,12,13,15,17,18,20,22,23,23,25,26,29,31,32,33,36,38,40,41,43,46,48,51,52,53,58,58,62,64,67,68,72,
-12,-12,-12,0,0,0,0,0,0,0,-11,-10,-10,-10,-10,-10,-10,-9,-9,-9,-9,-9,-9,-9,-9,-8,-8,-7,-7,-7,-7,0,0,0,0,0,0,0,0,0,0,-6,-6,-6,-4,-4,-4,-3,-3,-2,-1,-1,0,1,1,2,2,2,2,3,4,4,4,5,5,5,7,8,8,10,11,11,12,12,14,17,17,19,21,23,23,25,26,30,31,32,33,36,37,39,41,43,46,48,50,52,54,56,58,62,64,66,68,72,
-13,-13,-13,-13,0,0,0,0,0,-12,-12,-12,-12,-12,-12,-11,-11,-11,-10,-10,-10,-10,-10,-9,-9,-9,-9,-9,-8,-8,-8,-7,0,0,0,0,0,0,0,-6,-6,-6,-6,-6,-6,-4,-4,-4,-3,-3,-2,-1,-1,0,1,1,2,2,2,2,3,4,4,4,5,5,6,7,8,8,10,11,11,12,13,16,17,19,21,22,23,23,26,28,30,32,33,36,37,39,41,43,46,47,49,52,54,56,58,62,63,66,68,73,
-13,-13,-13,-13,-13,0,0,0,0,-12,-12,-12,-12,-12,-12,-12,-12,-12,-12,-12,-12,-11,-11,-10,-10,-10,-10,-9,-9,-9,-9,-9,0,0,0,0,0,0,0,-6,-6,-6,-6,-6,-6,-5,-4,-4,-4,-3,-3,-2,-1,-1,0,1,1,2,2,2,2,3,4,4,5,5,5,7,7,8,10,11,11,12,14,16,17,18,20,21,23,23,26,28,30,31,33,34,37,39,41,42,45,47,49,52,54,56,59,62,63,67,68,72,
-13,-13,-13,-13,-13,-13,0,0,0,-13,-13,-13,-13,-13,-12,-12,-12,-12,-12,-12,-12,-12,-12,-12,-12,-12,-11,-10,-10,-10,-10,-9,0,0,0,0,0,0,-7,-7,-6,-6,-6,-6,-6,-5,-5,-5,-4,-4,-3,-3,-3,-1,0,0,1,1,2,2,2,3,4,4,4,5,5,6,7,8,9,10,11,12,13,14,17,18,19,21,23,23,26,28,30,31,33,34,37,38,40,43,44,47,49,52,54,56,58,61,63,66,69,72,
-13,-13,-13,-13,-13,-13,0,0,0,0,-13,-13,-13,-13,-13,-13,-13,-13,-13,-12,-12,-12,-12,-12,-12,-12,-12,-12,-12,-11,-10,-10,0,0,0,0,0,0,-8,-7,-7,-6,-6,-6,-6,-6,-5,-5,-5,-4,-4,-3,-3,-3,-1,0,0,1,2,2,2,2,3,4,4,4,5,5,6,7,9,10,11,11,13,14,17,18,18,21,22,23,25,28,29,30,32,34,37,39,40,42,44,47,48,52,54,55,58,61,64,66,68,71,
-15,-15,-15,-15,-15,-13,0,0,0,0,-13,-13,-13,-13,-13,-13,-13,-13,-13,-13,-13,-13,-13,-12,-12,-12,-12,-12,-12,-12,-12,0,0,0,0,0,0,-9,-9,-8,-8,-7,-7,-6,-6,-6,-5,-5,-5,-5,-4,-4,-3,-3,-3,-1,0,1,1,2,2,2,2,3,4,4,5,5,6,7,9,9,10,11,13,13,16,18,18,20,22,23,25,28,28,30,32,34,34,39,40,42,45,47,48,52,54,54,59,61,64,65,68,71,
-15,-15,-15,-15,-15,-15,-15,0,0,0,-15,-15,-15,-15,-13,-13,-13,-13,-13,-13,-13,-13,-13,-13,-13,-13,-12,-12,-12,-12,-12,0,0,0,0,0,0,-10,-10,-9,-9,-8,-8,-7,-6,-6,-5,-5,-5,-5,-5,-4,-3,-3,-3,-2,0,0,1,1,2,2,2,3,4,4,4,5,5,6,8,9,10,11,12,13,15,18,19,20,21,22,25,26,28,30,33,34,35,39,39,42,45,45,50,52,53,55,60,62,63,66,70,71,
-16,-16,-16,-16,-16,-16,-16,0,0,0,-15,-15,-15,-15,-15,-15,-15,-15,-15,-15,-14,-14,-13,-13,-13,-13,-13,-13,-12,-12,-12,0,0,0,0,0,0,-10,-10,-10,-10,-9,-9,-8,-7,-7,-5,-5,-5,-5,-5,-5,-4,-3,-3,-3,0,0,0,1,1,2,2,2,3,4,4,5,5,5,8,9,9,11,12,13,15,17,19,19,20,23,25,25,28,30,33,33,35,39,40,41,45,45,50,52,53,56,60,61,63,66,70,71,
-16,-16,-16,-16,-16,-16,-16,-16,0,0,0,-16,-16,-16,-16,-16,-15,-15,-15,-15,-15,-15,-15,-15,-15,-14,-14,-13,-13,-13,0,0,0,0,0,0,-12,-12,-11,-10,-10,-10,-9,-9,-8,-8,-6,-5,-5,-5,-5,-5,-5,-4,-3,-3,-2,0,0,0,1,2,2,2,2,4,4,4,5,5,7,9,9,11,12,12,14,16,19,19,20,24,25,25,28,30,32,33,35,38,40,42,44,46,50,51,54,56,61,61,64,67,70,72,
-16,-16,-16,-16,-16,-16,-16,-16,0,0,0,-16,-16,-16,-16,-16,-16,-16,-16,-16,-16,-16,-16,-15,-15,-15,-15,-15,-15,-14,0,0,0,0,0,0,-12,-12,-12,-12,-11,-10,-10,-10,-9,-9,-8,-6,-5,-5,-5,-5,-5,-5,-3,-3,-2,-2,0,0,1,1,2,2,2,3,4,4,5,5,6,8,9,10,12,12,14,16,18,19,19,24,24,25,28,30,32,34,35,38,41,42,44,47,50,50,54,56,60,61,65,67,70,72,
-18,-17,-16,-16,-16,-16,-16,-16,0,0,0,0,-16,-16,-16,-16,-16,-16,-16,-16,-16,-16,-16,-16,-16,-16,-16,-16,-15,0,0,0,0,0,0,0,-12,-12,-12,-12,-12,-11,-10,-10,-10,-10,-9,-7,-7,-5,-5,-5,-5,-5,-5,-3,-2,-2,-2,0,0,1,1,2,2,2,3,4,4,5,6,7,10,10,11,12,13,16,18,19,20,22,24,25,28,30,31,34,35,38,41,41,45,47,49,51,55,56,59,63,64,66,71,72,
-19,-18,-17,-17,-17,-17,-17,-17,-17,0,0,0,-16,-16,-16,-16,-16,-16,-16,-16,-16,-16,-16,-16,-16,-16,-16,-16,-16,0,0,0,0,0,0,-13,-12,-12,-12,-12,-12,-12,-11,-11,-10,-10,-10,-8,-7,-7,-5,-5,-5,-5,-5,-4,-2,-2,-2,-2,0,1,1,2,2,2,2,4,4,4,6,7,9,10,10,12,14,15,17,19,20,22,24,26,27,30,32,34,34,39,41,41,44,47,50,51,54,56,59,63,64,68,71,73,
-21,-21,-21,-20,-19,-18,-18,-18,-18,0,0,0,-17,-17,-17,-17,-17,-17,-17,-16,-16,-16,-16,-16,-16,-16,-16,-16,-16,0,0,0,0,0,0,-14,-14,-13,-13,-12,-12,-12,-12,-12,-11,-10,-10,-9,-8,-8,-7,-5,-5,-5,-5,-5,-3,-2,-2,-2,0,0,1,1,2,2,2,3,4,4,6,6,8,10,10,11,14,14,17,19,20,21,25,25,27,29,32,33,35,39,40,42,45,48,49,52,54,57,61,63,63,69,71,74,
-21,-21,-21,-21,-21,-20,-20,-20,-20,-19,0,0,0,-19,-19,-18,-18,-17,-17,-17,-17,-17,-17,-17,-17,-16,-16,-16,0,0,0,0,0,0,-16,-16,-15,-14,-14,-13,-13,-12,-12,-12,-12,-11,-11,-9,-9,-8,-8,-7,-6,-5,-5,-5,-3,-3,-2,-2,-2,0,1,1,1,2,2,2,4,4,5,7,8,10,10,11,14,14,17,19,21,21,25,26,27,30,32,33,37,39,40,42,46,48,49,52,54,58,61,62,65,70,71,75,
-21,-21,-21,-21,-21,-21,-21,-20,-20,-20,0,0,0,-20,-20,-19,-19,-19,-19,-19,-19,-19,-17,-17,-17,-17,-17,-17,0,0,0,0,0,0,-16,-16,-16,-15,-15,-15,-14,-13,-12,-12,-12,-12,-11,-10,-9,-8,-8,-8,-7,-6,-5,-5,-4,-3,-3,-2,-2,-2,1,1,1,2,2,2,3,4,4,7,7,8,10,11,14,15,17,18,21,22,24,26,28,30,32,33,37,38,41,43,45,48,49,53,56,59,61,63,67,70,71,77,
-23,-23,-22,-21,-21,-21,-21,-21,-20,-20,0,0,0,0,0,0,0,0,0,0,0,0,0,0,0,0,0,0,0,0,0,0,0,0,-16,-16,-16,-15,-15,-15,-15,-15,-13,-13,-12,-12,-12,-10,-10,-9,-8,-8,-8,-7,-6,-5,-4,-3,-3,-3,-2,-2,0,1,1,1,2,2,2,4,4,6,7,8,11,11,12,15,17,18,21,22,24,26,28,29,33,34,37,38,41,44,45,48,51,54,56,59,60,65,67,70,74,77,
-23,-23,-23,-23,-23,-23,-23,-23,-23,-22,-21,0,0,0,0,0,0,0,0,0,0,0,0,0,0,0,0,0,0,0,0,0,0,-17,-17,-16,-16,-16,-15,-15,-15,-15,-15,-14,-13,-13,-12,-10,-10,-10,-8,-8,-8,-8,-7,-4,-4,-3,-3,-3,-2,-2,-1,1,1,1,1,2,2,3,5,6,7,8,10,12,13,15,16,18,21,22,23,26,28,30,32,35,37,39,41,44,45,48,51,55,56,59,63,66,67,71,74,77,
-23,-23,-23,-23,-23,-23,-23,-23,-23,-23,-22,0,0,0,0,0,0,0,0,0,0,0,0,0,0,0,0,0,0,0,0,0,0,-18,-17,-17,-17,-16,-15,-15,-15,-15,-15,-15,-15,-14,-13,-11,-10,-10,-10,-9,-8,-8,-8,-6,-4,-4,-3,-3,-3,-2,-1,0,1,1,1,2,2,2,6,6,6,8,10,12,13,16,16,19,21,22,23,28,29,30,33,35,36,40,43,44,46,51,52,55,57,61,63,66,69,74,74,77,
-24,-24,-24,-23,-23,-23,-23,-23,-23,-23,-23,0,0,0,-22,-22,-22,-22,-22,-22,-22,-22,-22,-22,-22,-21,0,0,0,0,0,0,0,-18,-18,-18,-18,-17,-17,-15,-15,-15,-15,-15,-15,-15,-14,-12,-10,-10,-10,-9,-9,-8,-8,-7,-6,-4,-3,-3,-3,-3,-1,-1,0,1,1,1,2,3,5,6,7,8,9,12,13,14,17,19,20,22,23,28,29,30,33,35,38,41,42,44,47,51,52,55,58,61,64,67,70,73,75,80,
-24,-24,-24,-24,-24,-24,-24,-24,-24,-24,-24,-24,0,0,0,-22,-22,-22,-22,-22,-22,-22,-22,-22,-22,-22,0,0,0,0,0,0,-19,-19,-18,-18,-18,-18,-18,-16,-16,-15,-15,-15,-15,-15,-14,-14,-12,-11,-10,-9,-9,-9,-8,-7,-7,-5,-3,-3,-3,-2,-1,-1,0,1,1,1,2,3,4,6,7,7,8,12,14,15,17,19,21,22,24,27,29,30,34,36,37,42,42,45,50,51,52,57,59,61,65,68,72,74,79,81,
-25,-25,-25,-25,-25,-25,-24,-24,-24,-24,-24,-24,0,0,0,-23,-23,-23,-23,-23,-23,-22,-22,-22,-22,-22,0,0,0,0,0,0,-22,-19,-19,-18,-18,-18,-18,-17,-17,-16,-16,-15,-15,-15,-14,-14,-14,-11,-11,-9,-9,-9,-8,-7,-7,-7,-4,-3,-3,-2,-2,-1,-1,0,1,1,2,3,4,7,7,7,10,12,14,15,18,19,21,23,26,27,30,30,35,36,38,42,43,46,50,51,54,59,59,64,66,70,72,75,80,82,
-25,-25,-25,-25,-25,-25,-25,-25,-25,-25,-25,-25,-25,0,0,0,-23,-23,-23,-23,-23,-23,-23,-23,-23,0,0,0,0,0,0,0,-22,-22,-21,-21,-18,-18,-18,-17,-17,-17,-17,-16,-15,-15,-14,-14,-14,-13,-12,-10,-9,-9,-8,-8,-7,-7,-5,-4,-3,-2,-2,-2,-1,0,1,1,2,4,5,5,7,7,10,13,14,15,17,20,20,24,25,28,29,32,36,37,39,42,44,48,49,52,56,59,61,65,67,72,74,76,82,84,
-25,-25,-25,-25,-25,-25,-25,-25,-25,-25,-25,-25,-25,0,0,0,-24,-24,-24,-24,-24,-24,-24,-23,-23,0,0,0,0,0,0,-22,-22,-22,-22,-21,-21,-20,-18,-17,-17,-17,-17,-17,-17,-15,-14,-14,-14,-13,-13,-11,-10,-9,-8,-8,-7,-7,-6,-4,-3,-2,-2,-2,-1,0,0,2,2,4,5,5,7,8,10,14,14,15,18,20,22,25,27,28,30,33,36,37,40,42,46,49,50,54,57,59,62,66,69,72,75,80,83,86,
-28,-28,-26,-25,-25,-25,-25,-25,-25,-25,-25,-25,-25,0,0,0,-24,-24,-24,-24,-24,-24,-24,-24,-24,0,0,0,0,0,0,-23,-23,-23,-22,-22,-21,-21,-20,-19,-17,-17,-17,-17,-17,-16,-15,-14,-14,-14,-13,-12,-11,-9,-8,-8,-8,-7,-6,-5,-3,-2,-2,-2,-2,0,0,2,2,4,5,5,6,9,11,13,14,16,17,22,22,25,27,29,32,35,36,39,41,44,47,50,52,55,58,61,64,68,71,74,78,80,84,88,
-30,-30,-29,-29,-28,-27,-27,-26,-26,-26,-25,-25,-25,-24,0,0,0,-24,-24,-24,-24,-24,-24,-24,0,0,0,0,0,0,-24,-23,-23,-23,-23,-23,-23,-21,-20,-19,-19,-18,-17,-17,-16,-16,-16,-16,-15,-14,-13,-12,-11,-10,-9,-8,-8,-8,-6,-6,-3,-3,-2,-2,-2,0,1,1,3,4,4,5,6,11,11,13,14,16,19,21,23,24,28,30,32,35,38,39,42,46,48,50,54,57,60,63,65,69,73,76,79,82,87,91,
-30,-30,-30,-30,-30,-30,-29,-29,-29,-29,-29,-28,-27,-26,0,0,0,-24,-24,-24,-24,-24,-24,-24,0,0,0,0,0,0,-24,-24,-24,-24,-23,-23,-23,-23,-22,-19,-19,-19,-18,-18,-16,-16,-16,-16,-16,-15,-13,-12,-10,-10,-10,-9,-8,-7,-7,-6,-4,-3,-2,-2,-2,-1,1,2,4,4,4,5,8,10,12,12,16,17,20,21,24,26,28,30,34,36,37,42,43,46,49,53,55,58,60,64,67,71,76,77,81,85,89,93,
-31,-30,-30,-30,-30,-30,-30,-29,-29,-29,-29,-29,-28,-28,0,0,0,-27,-27,-27,-27,-25,-25,-24,0,0,0,0,0,0,-24,-24,-24,-24,-24,-24,-24,-23,-22,-20,-20,-19,-19,-17,-17,-16,-16,-16,-16,-16,-14,-12,-11,-10,-10,-10,-9,-7,-7,-6,-4,-4,-3,-2,-2,0,2,2,3,4,4,6,9,10,12,13,17,19,20,23,25,26,30,31,35,36,40,43,44,48,52,53,56,60,62,66,70,74,77,80,84,88,91,96,
-31,-31,-31,-31,-30,-30,-30,-30,-29,-29,-29,-28,-28,-28,-28,0,0,0,-27,-27,-27,-27,-27,0,0,0,0,0,0,-24,-24,-24,-24,-24,-24,-24,-24,-24,-23,-21,-20,-20,-20,-17,-17,-17,-17,-16,-16,-16,-15,-12,-11,-10,-10,-10,-10,-7,-7,-5,-4,-4,-3,-3,-1,1,2,2,3,4,5,7,9,11,12,15,18,19,19,24,26,27,31,33,35,38,42,44,46,50,52,55,58,62,66,68,72,76,78,83,85,91,94,98,
-32,-31,-31,-31,-31,-31,-30,-30,-30,-29,-28,-28,-28,-28,-28,0,0,0,-28,-28,-27,-27,-27,0,0,0,0,0,0,-26,-25,-24,-24,-24,-24,-24,-24,-24,-23,-22,-21,-20,-19,-19,-17,-17,-17,-17,-16,-16,-14,-13,-12,-10,-10,-10,-10,-8,-6,-5,-5,-4,-4,-2,0,1,1,3,3,3,7,8,9,11,13,15,18,19,22,25,26,30,32,33,37,40,42,44,49,51,55,57,62,64,67,71,75,77,82,85,89,93,98,102,
-33,-32,-32,-32,-32,-32,-32,-32,-32,-30,-29,-28,-28,-28,-28,-28,0,0,-28,-28,-28,-28,-27,0,0,0,0,0,0,-27,-26,-26,-26,-26,-24,-24,-24,-24,-23,-22,-22,-20,-20,-19,-19,-17,-17,-17,-17,-16,-13,-13,-13,-11,-10,-10,-10,-9,-6,-5,-5,-5,-4,-2,0,1,1,3,3,6,7,8,9,13,14,16,18,21,22,26,28,31,32,36,40,40,45,47,50,54,55,60,63,66,70,74,77,82,83,88,92,96,101,105,
-33,-33,-33,-33,-33,-33,-33,-32,-32,-31,-31,-30,-29,-29,-29,-29,0,0,0,-29,-28,-28,0,0,0,0,0,0,-27,-27,-27,-27,-26,-26,-26,-26,-24,-23,-23,-22,-21,-20,-20,-20,-19,-18,-17,-17,-17,-16,-13,-13,-13,-11,-11,-10,-10,-8,-8,-5,-5,-5,-3,-1,0,1,2,3,6,6,7,8,11,13,15,17,20,22,23,28,29,32,34,37,39,43,47,47,53,54,60,61,64,70,72,76,80,84,87,91,95,100,103,109,
-33,-33,-33,-33,-33,-33,-32,-32,-32,-32,-32,-31,-31,-31,-30,-30,0,0,0,-29,-29,-29,0,0,0,0,0,0,-27,-27,-27,-27,-27,-26,-26,-26,-26,-25,-24,-21,-21,-20,-20,-20,-20,-19,-18,-17,-16,-16,-14,-13,-13,-12,-11,-11,-9,-8,-8,-6,-5,-4,-3,-1,0,0,2,5,6,6,7,11,11,15,15,18,21,21,27,29,30,34,36,39,41,46,47,52,53,59,60,65,68,71,75,79,83,86,91,94,98,103,109,113,
-35,-34,-34,-33,-32,-32,-32,-32,-32,-32,-32,-31,-31,-31,-31,-31,-30,0,0,-30,-30,-30,0,0,0,0,0,-28,-28,-28,-27,-27,-27,-27,-26,-26,-25,-25,-24,-22,-22,-20,-20,-20,-20,-20,-19,-17,-16,-15,-14,-14,-13,-12,-11,-11,-9,-8,-8,-6,-4,-3,-3,0,0,1,3,6,6,7,8,11,12,15,18,18,21,25,27,28,33,36,37,41,44,47,50,52,57,60,63,67,71,74,79,82,88,90,96,98,103,108,111,116,
-35,-35,-35,-34,-34,-34,-34,-33,-33,-33,-33,-32,-31,-31,-31,-31,-31,0,0,0,-30,0,0,0,0,0,0,-28,-28,-28,-28,-28,-28,-27,-27,-25,-25,-24,-24,-23,-22,-21,-20,-20,-20,-20,-19,-18,-17,-14,-14,-14,-14,-12,-11,-11,-9,-8,-7,-5,-4,-3,-3,-1,1,2,5,6,6,8,10,11,15,17,18,20,25,25,28,31,34,37,40,43,47,49,53,55,59,62,66,70,73,79,80,87,89,94,98,103,108,111,117,120,
-35,-34,-34,-34,-34,-34,-34,-34,-34,-34,-34,-33,-32,-32,-32,-32,-32,0,0,0,-30,0,0,0,0,0,0,-29,-28,-28,-28,-28,-28,-28,-28,-26,-24,-24,-24,-23,-23,-21,-21,-21,-20,-20,-18,-18,-17,-15,-14,-14,-14,-13,-11,-9,-9,-9,-6,-4,-4,-3,-2,0,1,4,5,7,8,9,11,12,16,17,19,24,25,28,31,33,37,39,42,47,47,52,55,59,61,67,68,74,78,81,85,89,93,99,102,108,112,116,121,126,
-34,-34,-34,-34,-34,-34,-34,-34,-34,-34,-34,-33,-33,-33,-33,-33,-32,-32,0,0,0,0,0,0,0,0,-30,-29,-29,-29,-28,-28,-28,-28,-26,-26,-26,-25,-23,-23,-23,-22,-21,-21,-21,-19,-18,-18,-17,-15,-15,-14,-14,-13,-11,-9,-9,-8,-6,-4,-4,-4,0,0,3,4,6,7,9,11,12,14,17,18,23,24,27,30,32,35,38,41,45,47,51,54,59,61,66,68,73,77,80,85,90,94,98,102,107,112,117,121,128,133,
-36,-36,-35,-35,-35,-34,-34,-34,-34,-34,-33,-33,-33,-33,-33,-33,-33,-33,0,0,0,0,0,0,0,0,-31,-30,-30,-29,-29,-28,-27,-26,-26,-26,-26,-25,-24,-24,-23,-22,-21,-21,-20,-20,-18,-17,-17,-15,-15,-14,-13,-13,-11,-10,-7,-6,-6,-4,-4,-3,0,3,3,6,6,8,11,12,14,16,19,21,24,25,30,32,34,37,41,44,47,52,54,58,61,66,68,74,78,80,85,89,93,98,103,106,111,118,121,127,133,137,
-36,-36,-36,-36,-36,-36,-36,-36,-36,-35,-34,-33,-33,-33,-33,-33,-33,-33,-33,0,0,0,0,0,0,0,-31,-31,-30,-29,-29,-29,-27,-26,-26,-26,-26,-25,-24,-24,-23,-22,-22,-20,-20,-20,-19,-17,-16,-15,-15,-15,-13,-12,-10,-8,-7,-6,-5,-4,-3,-1,2,3,4,6,8,10,12,13,14,18,20,24,25,29,32,33,37,40,44,47,51,54,57,61,65,68,73,76,81,85,88,93,98,104,107,113,118,123,128,135,139,145,
-36,-36,-36,-36,-36,-36,-36,-36,-35,-35,-35,-35,-35,-35,-35,-34,-34,-34,-33,0,0,0,0,0,0,-31,-30,-29,-29,-29,-29,-28,-28,-28,-27,-26,-26,-25,-24,-24,-23,-23,-21,-20,-20,-20,-18,-18,-16,-15,-15,-15,-13,-11,-8,-8,-7,-6,-5,-4,-1,0,2,4,4,7,10,11,13,15,18,19,24,24,27,31,33,37,39,44,45,50,53,56,61,63,67,74,76,81,85,89,94,98,105,106,112,118,124,128,134,140,145,150,
-36,-36,-36,-36,-36,-36,-36,-35,-35,-35,-35,-35,-35,-35,-35,-35,-35,-35,-35,0,0,0,0,0,0,-30,-30,-29,-29,-28,-28,-28,-28,-28,-28,-27,-25,-25,-24,-24,-22,-22,-22,-21,-20,-19,-18,-17,-17,-15,-15,-13,-12,-9,-8,-8,-7,-6,-4,-3,0,2,3,4,7,10,11,12,15,17,19,21,24,27,31,32,38,38,43,45,50,52,57,60,64,68,72,76,81,86,90,93,100,104,107,114,118,124,130,136,142,146,152,158,
-36,-36,-36,-36,-36,-36,-35,-35,-35,-35,-35,-35,-35,-35,-35,-35,-35,-35,-34,-33,0,0,0,0,0,-31,-31,-29,-28,-28,-28,-28,-28,-28,-28,-28,-26,-26,-24,-22,-22,-22,-22,-22,-19,-19,-18,-17,-17,-15,-14,-12,-10,-9,-8,-8,-6,-5,-3,-1,1,3,3,6,9,10,12,13,17,20,21,23,27,30,33,38,39,43,46,50,53,57,61,64,69,71,77,81,85,91,93,100,106,109,114,121,124,130,136,143,148,154,160,166,
-37,-37,-37,-37,-37,-36,-35,-35,-35,-35,-35,-35,-35,-34,-34,-34,-34,-34,-33,-33,0,0,0,0,-33,-32,-29,-29,-29,-28,-28,-28,-28,-28,-28,-27,-27,-26,-24,-22,-22,-22,-22,-21,-20,-18,-17,-17,-17,-15,-13,-11,-10,-9,-8,-6,-5,-3,-2,0,2,3,6,8,9,13,14,16,20,20,24,27,29,33,35,40,41,47,50,53,57,61,63,69,71,78,82,84,91,96,100,105,110,114,120,125,132,138,143,150,155,162,168,175,
-38,-37,-37,-36,-36,-36,-36,-36,-35,-35,-35,-35,-35,-34,-34,-34,-34,-33,-33,-33,-33,0,0,0,-33,-32,-30,-29,-29,-29,-29,-28,-28,-28,-27,-27,-26,-25,-23,-23,-22,-22,-22,-21,-20,-18,-17,-16,-16,-13,-11,-10,-10,-9,-6,-5,-5,-2,0,0,4,6,7,9,12,14,15,19,20,25,26,29,32,34,39,41,47,48,53,57,60,65,70,72,77,83,87,91,97,101,105,110,117,123,128,132,139,145,152,157,163,170,177,183,
-39,-39,-37,-35,-35,-35,-35,-35,-35,-35,-35,-35,-35,-35,-35,-35,-34,-34,-33,-33,-33,-33,0,-32,-32,-31,-31,-30,-29,-29,-29,-29,-29,-27,-27,-26,-26,-25,-23,-23,-22,-22,-21,-21,-20,-17,-16,-16,-14,-13,-10,-10,-9,-7,-5,-5,-3,0,0,2,6,6,9,12,14,16,18,20,25,26,27,33,35,39,41,46,49,54,57,60,66,69,72,78,83,87,91,96,102,108,111,117,123,130,134,140,147,153,159,164,171,179,185,192,
-37,-37,-37,-37,-36,-36,-36,-35,-35,-35,-35,-35,-35,-35,-35,-34,-34,-34,-34,-34,-34,-33,-32,-31,-31,-31,-31,-30,-30,-29,-29,-29,-28,-27,-26,-26,-26,-24,-23,-23,-23,-21,-21,-20,-17,-17,-16,-14,-14,-12,-10,-9,-8,-6,-5,-3,-2,0,3,6,6,8,12,13,17,18,21,25,25,28,32,35,38,42,46,50,53,57,61,65,69,73,79,85,86,92,97,103,108,112,119,124,131,136,142,149,155,162,169,174,181,189,196,203,
-38,-37,-37,-37,-37,-36,-36,-36,-36,-36,-35,-35,-35,-34,-34,-34,-34,-34,-33,-33,-33,-33,-32,-32,-32,-31,-31,-30,-30,-30,-29,-27,-27,-27,-27,-26,-25,-24,-23,-22,-22,-20,-20,-19,-17,-15,-14,-14,-13,-11,-8,-8,-7,-6,-3,-3,0,3,4,6,7,11,13,15,18,20,24,26,28,32,35,39,42,46,49,54,57,62,66,70,74,79,85,88,94,98,105,110,115,119,126,132,138,143,150,157,163,170,177,184,191,198,205,213,
-38,-38,-38,-38,-38,-37,-36,-36,-36,-36,-36,-35,-35,-34,-34,-34,-33,-33,-33,-33,-32,-32,-32,-32,-32,-32,-32,-30,-30,-29,-27,-27,-27,-27,-26,-26,-25,-24,-21,-21,-21,-21,-19,-18,-15,-15,-14,-14,-9,-9,-8,-8,-5,-3,-2,1,4,4,6,9,10,14,15,19,20,24,26,29,32,35,39,42,46,50,54,58,62,66,71,75,79,86,89,94,99,106,111,116,120,126,133,140,146,152,159,166,173,180,189,195,202,209,218,225,
-38,-38,-38,-38,-38,-38,-37,-37,-37,-37,-35,-35,-35,-34,-34,-33,-33,-33,-32,-32,-32,-32,-32,-32,-32,-32,-32,-30,-28,-28,-28,-27,-27,-26,-26,-25,-24,-22,-21,-21,-21,-20,-17,-16,-15,-14,-14,-10,-9,-9,-8,-6,-3,-2,0,3,4,5,8,10,13,15,19,21,23,26,28,32,34,39,44,46,51,55,58,64,67,72,76,81,86,91,96,101,105,112,118,124,128,134,140,148,155,161,168,175,181,189,198,206,213,221,228,238,
-38,-38,-38,-38,-38,-38,-38,-37,-36,-36,-35,-35,-35,-35,-35,-33,-33,-32,-32,-32,-32,-32,-32,-32,-32,-31,-29,-29,-29,-29,-27,-26,-25,-25,-25,-24,-23,-22,-21,-21,-19,-19,-16,-15,-14,-13,-11,-10,-9,-8,-5,-3,-3,-1,3,3,6,8,11,13,15,19,20,23,27,29,33,35,40,43,47,51,54,58,64,68,71,76,82,86,91,96,103,107,112,118,125,131,137,144,150,158,164,170,177,184,192,200,208,217,224,233,241,250,
-38,-38,-38,-38,-38,-37,-37,-35,-35,-35,-35,-34,-34,-34,-34,-34,-34,-34,-32,-32,-32,-32,-31,-31,-29,-29,-28,-28,-28,-28,-27,-25,-25,-25,-24,-23,-23,-23,-21,-19,-17,-16,-16,-14,-13,-12,-11,-9,-7,-5,-4,-2,-2,2,5,5,8,10,13,16,19,21,24,27,29,33,35,41,42,48,50,55,60,64,67,73,77,83,88,92,97,103,109,115,121,127,133,138,145,152,159,166,174,181,187,196,203,211,220,228,236,247,256,263,
-38,-38,-38,-37,-36,-36,-35,-34,-34,-34,-34,-34,-34,-34,-34,-33,-33,-33,-33,-32,-31,-30,-29,-29,-29,-28,-28,-28,-27,-27,-27,-26,-24,-24,-23,-23,-22,-20,-18,-17,-16,-16,-15,-13,-12,-11,-9,-7,-6,-4,-2,-1,3,5,6,8,10,13,16,19,21,23,28,29,35,35,40,44,48,52,55,60,66,68,73,80,84,89,92,99,105,110,116,122,129,135,141,147,154,162,169,176,184,191,199,207,216,224,232,242,249,259,268,278,
-39,-37,-35,-35,-35,-35,-33,-33,-33,-33,-33,-33,-33,-33,-33,-33,-32,-32,-32,-31,-30,-30,-30,-29,-28,-27,-27,-27,-27,-27,-26,-25,-23,-22,-22,-21,-20,-19,-17,-16,-15,-15,-13,-11,-9,-9,-7,-6,-4,-4,0,3,5,6,7,11,14,16,20,22,25,27,31,35,38,40,45,47,53,58,59,66,70,74,79,85,91,96,99,106,112,118,124,131,138,144,150,156,164,171,179,187,195,202,211,221,227,235,246,254,262,275,282,294,
-35,-35,-35,-35,-35,-34,-33,-33,-33,-33,-33,-33,-33,-32,-32,-32,-31,-31,-31,-31,-30,-30,-29,-28,-27,-26,-26,-26,-25,-25,-25,-24,-23,-21,-20,-20,-19,-18,-15,-15,-14,-13,-11,-9,-9,-8,-5,-3,-3,1,3,3,7,9,12,14,15,21,21,25,26,31,34,38,42,44,49,53,57,61,66,70,76,80,85,91,97,102,107,113,119,126,132,139,146,152,158,168,174,181,190,198,206,213,223,232,240,251,260,270,278,288,298,311,
-36,-35,-35,-35,-34,-34,-34,-34,-34,-32,-32,-32,-32,-31,-30,-30,-30,-30,-29,-29,-28,-28,-27,-27,-27,-26,-25,-25,-25,-25,-23,-22,-21,-20,-19,-18,-17,-15,-14,-13,-13,-11,-10,-9,-6,-5,-3,-2,0,3,6,7,9,11,14,18,21,22,26,28,33,35,39,43,44,50,53,57,62,67,73,76,82,86,93,98,104,109,116,122,128,135,141,148,156,163,171,177,183,191,202,209,216,228,235,245,254,264,274,284,294,305,315,326,
-36,-35,-35,-34,-33,-32,-32,-32,-32,-31,-31,-30,-29,-29,-29,-29,-29,-29,-29,-29,-27,-27,-27,-26,-26,-26,-25,-25,-24,-22,-20,-20,-19,-18,-17,-17,-15,-14,-13,-12,-12,-9,-7,-6,-5,-4,-1,0,3,6,7,11,11,14,18,20,23,26,29,33,36,40,43,46,51,53,59,65,69,72,77,84,88,94,99,105,111,117,124,130,136,143,150,157,164,173,181,189,196,205,214,222,231,241,249,260,269,280,290,299,311,323,333,343,
-35,-35,-32,-32,-32,-32,-30,-30,-30,-30,-30,-30,-30,-29,-29,-29,-29,-29,-28,-26,-25,-25,-25,-25,-25,-24,-22,-22,-22,-20,-19,-18,-18,-17,-17,-14,-14,-12,-11,-11,-8,-7,-6,-5,-2,0,1,5,6,7,11,12,16,18,21,25,27,29,34,36,42,44,48,51,56,60,65,69,74,79,84,91,96,102,107,112,119,125,134,140,146,153,160,167,175,184,191,200,209,217,226,235,245,254,264,274,285,294,307,318,328,339,351,364,
-32,-32,-31,-30,-30,-30,-30,-29,-29,-29,-29,-29,-29,-29,-29,-28,-27,-26,-26,-25,-25,-24,-23,-23,-23,-23,-23,-20,-20,-18,-18,-17,-17,-15,-13,-12,-12,-12,-9,-7,-7,-6,-2,-1,0,3,5,5,10,11,13,17,20,23,25,28,31,35,37,42,45,49,53,56,61,66,70,75,81,87,93,96,102,109,115,121,128,135,142,149,156,163,170,178,187,194,204,213,220,230,239,249,259,270,279,291,301,311,323,336,347,359,370,383,
-30,-29,-29,-29,-29,-29,-29,-29,-29,-29,-29,-29,-29,-28,-27,-26,-25,-24,-23,-23,-23,-22,-22,-22,-21,-20,-19,-18,-17,-17,-16,-16,-14,-13,-12,-12,-11,-8,-6,-6,-5,-3,0,1,4,6,8,10,12,13,18,19,23,25,29,31,36,39,43,46,50,54,58,62,67,74,78,82,87,93,99,105,111,118,124,130,137,144,151,159,165,174,183,191,199,208,216,226,235,245,254,264,276,285,296,308,318,329,341,354,367,379,391,405,
-30,-29,-29,-29,-29,-29,-29,-27,-26,-26,-26,-25,-25,-24,-24,-24,-24,-22,-22,-22,-22,-21,-20,-19,-19,-19,-18,-16,-16,-15,-14,-13,-13,-11,-9,-9,-8,-8,-5,-4,-2,2,3,4,7,9,9,13,16,19,20,26,27,30,32,37,41,43,49,52,55,60,65,68,74,79,85,90,94,100,107,113,119,126,132,138,146,154,162,170,178,184,194,203,211,221,229,239,247,260,270,279,291,303,312,325,337,348,361,374,387,399,413,426,
-28,-27,-27,-27,-26,-26,-26,-26,-24,-24,-24,-24,-24,-24,-24,-23,-23,-21,-20,-19,-18,-17,-17,-17,-17,-17,-15,-14,-14,-13,-13,-12,-10,-9,-8,-8,-6,-3,-1,0,2,3,5,9,10,11,15,17,20,24,25,29,31,35,38,41,46,48,53,58,60,66,70,76,82,84,91,96,103,109,116,122,128,135,142,150,157,164,171,181,189,196,207,214,225,234,245,253,264,274,286,297,307,319,332,344,356,369,383,396,408,422,436,450,
