-5,-5,-5,-4,-4,0,0,0,0,0,0,0,0,-4,-4,-4,-4,-4,-4,-4,-4,-4,-4,-4,-4,-4,-4,-4,-4,-4,-4,-4,-3,-3,-2,-2,-2,-2,-2,-1,-1,-1,-1,0,0,0,0,0,0,0,0,1,1,1,1,2,2,3,3,3,3,3,4,5,5,5,5,6,9,9,9,10,10,11,11,13,14,15,16,16,16,
-6,-6,0,0,0,0,0,0,0,0,0,0,0,0,0,-4,-4,-4,-4,-4,-4,-4,-4,-4,-4,-4,-4,-4,-4,-4,-4,-4,-4,-4,-3,-2,-2,-2,-2,-1,-1,-1,-1,-1,0,0,0,0,0,0,0,0,1,1,1,2,2,2,3,3,3,3,4,5,5,5,5,6,9,9,9,10,10,11,11,12,14,15,16,16,16,
-6,-6,0,0,0,0,0,0,-6,-5,-5,-5,0,0,0,0,0,-4,-4,-4,-4,-4,-4,-4,-4,-4,-4,-4,-4,-4,-4,-4,-4,-4,-4,-3,-2,-2,-2,-2,-1,-1,-1,-1,-1,0,0,0,0,0,0,0,0,1,1,1,2,2,3,3,3,3,3,5,5,5,5,5,9,9,9,9,10,11,11,12,14,15,15,16,16,
-7,0,0,0,0,0,-6,-6,-6,-6,-6,-6,-6,0,0,0,0,0,-4,-4,-4,-4,-4,-4,-4,-4,-4,-4,-4,-4,-4,-4,-4,-4,-4,-4,-3,-2,-2,-2,-1,-1,-1,-1,-1,-1,0,0,0,0,0,0,0,1,1,1,2,2,2,3,3,3,3,4,5,5,5,5,8,9,9,9,10,11,11,11,14,14,15,16,16,
-7,0,0,0,0,-7,-7,-7,-7,-7,-7,-7,-7,-6,0,0,0,0,0,-5,-5,-4,-4,-4,-4,-4,-4,-4,-4,-4,-4,-4,-4,-4,-4,-4,-4,-3,-2,-2,-2,-1,-1,-1,-1,-1,-1,0,0,0,0,0,0,0,1,1,1,2,2,3,3,3,3,4,5,5,5,6,6,9,9,9,10,11,11,12,14,14,15,16,16,
-7,0,0,0,-7,-7,-7,-7,-7,-7,-7,-7,-7,-7,0,0,0,0,0,-6,-5,-5,-5,-5,-4,-4,-4,-4,-4,-4,-4,-4,-4,-4,-4,-4,-4,-4,-4,-2,-2,-1,-1,-1,-1,-1,-1,-1,0,0,0,0,0,0,1,1,1,2,2,2,3,3,3,3,4,5,5,6,6,9,9,9,9,10,11,12,14,14,15,16,16,
-7,0,0,-7,-7,-7,-7,-7,-7,-7,-7,-7,-7,-7,-7,0,0,0,0,0,-7,-7,-5,-5,-5,-5,-4,-4,-4,-4,-4,-4,-4,-4,-4,-4,-4,-4,-4,-4,-2,-1,-1,-1,-1,-1,-1,-1,0,0,0,0,0,0,0,1,1,1,2,2,3,3,3,3,4,5,5,6,6,9,9,9,9,10,12,12,14,14,15,16,16,
-7,0,0,-7,-7,-7,-7,-7,-7,-7,-7,-7,-7,-7,-7,0,0,0,0,0,-7,-7,-7,-7,-6,-5,-5,-5,-4,-4,-4,-4,-4,-4,-4,-4,-4,-4,-4,-4,-4,-1,-1,-1,-1,-1,-1,-1,-1,0,0,0,0,0,0,1,1,1,2,2,2,3,3,3,4,5,6,6,6,8,9,9,9,10,12,12,14,14,15,15,17,
-7,0,-7,-7,-7,-7,-7,-7,-7,-7,-7,-7,-7,-7,0,0,0,0,0,0,-7,-7,-7,-7,-7,-7,-6,-5,-5,-5,-4,-4,-4,-4,-4,-4,-4,-4,-4,-4,-4,-3,-1,-1,-1,-1,-1,-1,-1,-1,0,0,0,0,0,0,1,1,2,2,2,3,3,3,4,4,6,6,6,7,9,9,9,11,12,12,13,14,15,15,17,
-8,-7,-7,-7,-7,-7,-7,-7,-7,-7,-7,-7,-7,-7,0,0,0,0,0,0,-7,-7,-7,-7,-7,-7,-7,-7,-6,-5,-5,-4,-4,-4,-4,-4,-4,-4,-4,-4,-4,-3,-2,-1,-1,-1,-1,-1,-1,-1,0,0,0,0,0,0,1,1,1,2,2,2,3,3,3,5,6,6,6,6,9,9,9,10,12,12,13,14,15,16,17,
-8,-8,-8,-8,-8,-8,-8,-8,-8,-7,-7,-7,-7,0,0,0,0,0,0,0,-7,-7,-7,-7,-7,-7,-7,-7,-7,-6,-6,-5,-5,-4,-4,-4,-4,-4,-4,-4,-4,-3,-3,-2,-1,-1,-1,-1,-1,-1,-1,0,0,0,0,0,0,1,1,2,2,2,3,3,4,5,6,6,6,6,9,9,10,10,12,12,13,14,16,16,17,
-8,-8,-8,-8,-8,-8,-8,-8,-8,-8,-8,-8,0,0,0,0,0,0,0,0,-7,-7,-7,-7,-7,-7,-7,-7,-7,-7,-7,-6,-6,-5,-4,-4,-4,-4,-4,-4,-4,-3,-3,-3,-1,-1,-1,-1,-1,-1,-1,0,0,0,0,0,0,1,1,2,2,2,3,3,4,5,5,6,6,6,9,10,10,10,12,12,13,15,16,16,17,
-9,-9,-9,-8,-8,-8,-8,-8,-8,-8,0,0,0,0,0,0,0,0,0,-7,-7,-7,-7,-7,-7,-7,-7,-7,-7,-7,-7,-7,-6,-6,-5,-5,-4,-4,-4,-4,-4,-3,-3,-3,-2,-1,-1,-1,-1,-1,-1,0,0,0,0,0,0,0,1,1,2,2,2,4,4,5,5,6,6,7,8,10,10,10,12,12,13,15,16,16,17,
-10,-10,-10,-9,-9,-9,-8,-8,-8,0,0,0,0,0,0,0,0,0,-8,-8,-8,-7,-7,-7,-7,-7,-7,-7,-7,-7,-7,-7,-7,-6,-6,-5,-5,-4,-4,-4,-4,-3,-3,-3,-3,-2,-1,-1,-1,-1,-1,0,0,0,0,0,0,0,1,1,2,2,2,4,4,5,5,6,6,7,9,10,10,10,12,13,14,15,16,16,17,
-10,-10,-10,-10,-10,-10,-10,0,0,0,0,0,0,0,0,0,0,-8,-8,-8,-8,-8,-8,-8,-7,-7,-7,-7,-7,-7,-7,-7,-7,-7,-7,-6,-5,-5,-4,-4,-3,-3,-3,-3,-3,-3,-2,-1,-1,-1,-1,0,0,0,0,0,0,0,0,1,2,2,3,4,4,5,5,6,6,8,9,10,10,10,12,14,14,15,16,16,19,
-10,-10,-10,-10,-10,0,0,0,0,0,0,0,0,0,0,-8,-8,-8,-8,-8,-8,-8,-8,-8,-8,-8,-7,-7,-7,-7,-7,-7,-7,-7,-7,-7,-5,-5,-5,-4,-3,-3,-3,-3,-3,-3,-2,-2,-1,-1,-1,0,0,0,0,0,0,0,0,1,2,3,3,3,4,4,5,5,8,8,9,10,10,10,14,14,14,14,16,18,19,
-10,-10,-10,-10,0,0,0,0,0,0,0,0,0,0,-9,-9,-9,-8,-8,-8,-8,-8,-8,-8,-8,-8,-8,-8,-8,-7,-7,-7,-7,-7,-7,-7,-7,-5,-5,-5,-3,-3,-3,-3,-3,-3,-3,-2,-1,-1,-1,0,0,0,0,0,0,0,0,1,2,3,3,3,4,4,5,5,8,8,9,10,10,11,13,14,14,14,17,18,19,
-11,-10,-10,0,0,0,0,0,0,0,0,0,-10,-9,-9,-9,-9,-9,-9,-9,-8,-8,-8,-8,-8,-8,-8,-8,-8,-8,-7,-7,-7,-7,-7,-7,-7,-5,-5,-5,-4,-3,-3,-3,-3,-3,-3,-2,-2,-1,-1,0,0,0,0,0,0,0,0,0,2,3,3,3,4,4,5,7,8,8,9,10,11,12,13,14,14,15,18,18,19,
-11,-11,0,0,0,0,0,0,0,0,-10,-10,-10,-10,-9,-9,-9,-9,-9,-9,-9,-9,-8,-8,-8,-8,-8,-8,-8,-8,-8,-8,-7,-7,-7,-7,-7,-7,-5,-4,-4,-4,-3,-3,-3,-3,-3,-3,-2,-2,-1,0,0,0,0,0,0,0,0,1,3,3,3,3,4,5,6,7,8,8,9,9,12,12,13,14,15,17,18,18,19,
-11,-11,0,0,0,0,0,0,0,-11,-11,-11,-11,-11,-11,-9,-9,-9,-9,-9,-9,-9,-9,-9,-8,-8,-8,-8,-8,-8,-8,-8,-8,-8,-7,-7,-7,-7,-6,-4,-4,-4,-4,-3,-3,-3,-3,-3,-2,-2,-1,0,0,0,0,0,0,0,0,1,3,3,3,3,3,6,7,7,8,9,9,10,12,13,13,15,16,17,18,18,21,
-11,-11,0,0,0,0,0,0,-11,-11,-11,-11,-11,-11,-11,-11,-10,-10,-10,-9,-9,-9,-9,-9,-9,-8,-8,-8,-8,-8,-8,-8,-8,-8,-8,-7,-7,-7,-6,-4,-4,-4,-4,-4,-3,-3,-3,-3,-2,-2,-1,0,0,0,0,0,0,0,1,1,2,3,3,3,4,7,7,7,8,9,10,11,12,13,14,15,17,17,18,19,22,
-12,0,0,0,0,0,0,-11,-11,-11,-11,-11,-11,-11,-11,-11,-10,-10,-10,-10,-10,-10,-9,-9,-9,-9,-8,-8,-8,-8,-8,-8,-8,-8,-8,-8,-7,-7,-5,-4,-4,-4,-4,-4,-4,-3,-3,-3,-2,-2,-1,0,0,0,0,0,0,1,1,1,2,3,3,4,5,7,7,7,7,10,11,11,13,14,14,16,17,17,19,21,22,
-12,0,0,0,0,0,0,-12,-12,-11,-11,-11,-11,-11,-11,-11,-11,0,0,-10,-10,-10,-10,-10,-10,-9,-9,-8,-8,-8,-8,-8,-8,-8,-8,-8,-8,-7,-5,-5,-4,-4,-4,-4,-4,-4,-3,-3,-2,-2,-1,-1,0,0,0,0,1,1,1,2,2,3,4,4,6,7,7,7,9,11,11,11,14,14,15,17,18,18,21,21,23,
-12,-12,0,0,0,0,0,-12,-12,-12,-12,-12,-11,-11,-11,-11,0,0,0,-10,-10,-10,-10,-10,-10,-10,-10,-9,-8,-8,-8,-8,-8,-8,-8,-8,-8,-7,-6,-5,-4,-4,-4,-4,-4,-4,-3,-3,-2,-2,-1,-1,0,0,0,1,1,1,1,2,2,2,4,5,6,7,7,9,9,11,11,13,14,15,16,18,18,20,21,22,24,
-12,-12,0,0,0,0,0,-12,-12,-12,-12,-12,-12,-12,-11,-11,0,0,0,-10,-10,-10,-10,-10,-10,-10,-10,-10,-10,-8,-8,-8,-8,-8,-8,-8,-8,-7,-6,-6,-4,-4,-4,-4,-4,-4,-4,-2,-2,-1,-1,-1,-1,0,0,1,1,1,2,2,2,3,4,6,6,7,8,9,10,11,13,13,15,15,17,18,19,21,22,23,25,
-14,-14,0,0,0,0,0,-13,-12,-12,-12,-12,-12,-12,-12,0,0,0,-10,-10,-10,-10,-10,-10,-10,-10,-10,-10,-10,-9,-8,-8,-8,-8,-8,-8,-7,-7,-6,-6,-4,-4,-4,-4,-4,-4,-4,-2,-2,-1,-1,-1,-1,0,1,1,1,1,2,2,3,3,6,6,6,8,9,10,10,12,13,13,15,17,17,19,20,22,23,24,26,
-14,-14,-14,0,0,0,0,0,-13,-13,-13,-13,-13,-13,0,0,0,0,-10,-10,-10,-10,-10,-10,-10,-10,-10,-10,-10,-10,-9,-9,-8,-8,-8,-8,-7,-7,-6,-6,-5,-4,-4,-4,-4,-4,-4,-3,-1,-1,-1,-1,-1,1,1,1,1,2,2,3,3,4,6,6,7,9,10,10,11,13,13,14,17,17,19,21,21,22,24,26,27,
-14,-14,-14,-14,0,0,0,0,0,-14,-14,-13,-13,0,0,0,0,0,-11,-10,-10,-10,-10,-10,-10,-10,-10,-10,-10,-10,-9,-9,-9,-8,-8,-7,-7,-7,-6,-6,-5,-5,-4,-4,-4,-4,-4,-3,-1,-1,-1,-1,0,1,1,1,1,2,3,3,3,5,6,7,7,9,10,11,13,13,14,17,17,18,21,21,21,25,25,27,29,
-14,-14,-14,-14,-14,0,0,0,0,0,0,0,0,0,0,0,0,0,-12,-12,-10,-10,-10,-10,-10,-10,-10,-10,-10,-10,-9,-9,-9,-9,-7,-7,-7,-7,-6,-5,-5,-5,-4,-4,-4,-4,-3,-2,-1,-1,-1,0,0,1,1,1,2,3,3,3,5,7,7,7,8,10,11,12,13,15,16,17,17,20,21,21,25,25,27,29,30,
-14,-14,-14,-14,-14,-14,-14,-14,0,0,0,0,0,0,0,0,-12,-12,-12,-12,-12,-11,-10,-10,-10,-10,-10,-10,-10,-10,-9,-9,-9,-8,-8,-7,-7,-7,-6,-5,-5,-5,-4,-4,-4,-4,-3,-2,-1,-1,0,0,0,1,1,1,3,3,3,4,6,7,7,8,11,11,12,12,15,16,17,17,20,21,21,25,25,26,29,30,32,
-14,-14,-14,-14,-14,-14,-14,-14,-14,-14,-14,-14,-14,-14,-14,-13,-12,-12,-12,-12,-12,-11,-11,-10,-10,-10,-10,-10,-10,-10,-10,-9,-9,-8,-8,-7,-7,-6,-6,-5,-5,-5,-4,-4,-4,-3,-2,-2,-1,0,0,0,0,1,2,3,3,3,4,6,6,7,8,10,11,11,12,15,16,16,19,20,21,22,24,25,27,29,30,32,33,
-14,-14,-14,-14,-14,-14,-14,-14,-14,-14,-14,-14,-14,-14,-13,-13,-13,-12,-12,-12,-12,-12,-11,-11,-11,-10,-10,-10,-10,-10,-10,-9,-8,-8,-8,-7,-7,-6,-6,-5,-5,-5,-5,-4,-4,-3,-2,-2,0,0,0,0,0,2,3,3,3,3,6,6,7,7,10,11,11,12,15,15,16,19,20,20,22,24,25,27,29,30,33,34,36,
-15,-14,-14,-14,-14,-14,-14,-14,-14,-14,-14,-14,-14,-13,-13,-13,-13,-13,-12,-12,-12,-12,-11,-11,-11,-11,-10,-10,-10,-10,-10,-8,-8,-8,-8,-8,-7,-6,-6,-5,-5,-5,-5,-4,-4,-2,-2,-1,0,0,0,0,2,2,3,3,3,6,6,6,7,10,10,11,12,14,15,16,19,20,20,22,24,25,28,29,31,32,34,35,38,
-15,-15,-15,-15,-15,-15,-14,-14,-14,-14,-14,-14,-14,-13,-13,-13,-13,-13,-13,-12,-12,-12,-11,-11,-11,-11,-11,-10,-10,-10,-9,-8,-8,-8,-8,-8,-6,-6,-5,-5,-5,-5,-5,-4,-3,-2,-1,-1,0,0,0,1,2,3,3,3,5,6,6,7,10,10,11,13,14,15,17,18,20,21,23,24,25,28,28,31,32,35,36,39,39,
-15,-15,-15,-15,-15,-15,-15,-15,-15,-15,-14,-13,-13,-13,-13,-13,-13,-13,-13,-12,-12,-12,-11,-11,-11,-11,-11,-11,-10,-9,-9,-8,-8,-8,-8,-8,-6,-6,-5,-5,-5,-5,-5,-4,-2,-1,-1,-1,0,0,1,1,3,3,3,5,6,6,7,10,10,10,13,14,14,17,18,20,21,22,24,25,28,29,31,32,35,36,39,39,43,
-15,-15,-15,-15,-15,-15,-15,-15,-15,-15,-14,-14,-14,-13,-13,-13,-13,-13,-13,-13,-12,-12,-11,-11,-11,-11,-11,-11,-9,-9,-8,-8,-8,-8,-8,-7,-6,-6,-5,-5,-5,-5,-5,-2,-1,-1,-1,0,0,1,1,2,3,4,5,6,6,7,10,10,10,13,14,14,17,18,20,21,22,25,25,28,29,31,33,35,37,39,40,43,45,
-15,-15,-15,-15,-15,-15,-15,-15,-14,-14,-14,-14,-14,-14,-14,-13,-13,-13,-13,-13,-12,-11,-11,-11,-11,-11,-11,-10,-10,-9,-8,-8,-8,-8,-8,-7,-7,-5,-5,-5,-5,-5,-2,-1,-1,-1,-1,0,1,1,1,3,4,5,6,6,7,9,10,11,12,14,15,17,18,20,21,22,25,25,29,29,32,33,35,37,39,42,43,46,47,
-15,-15,-15,-15,-15,-15,-15,-14,-14,-14,-14,-14,-14,-14,-14,-14,-14,-13,-13,-13,-12,-11,-11,-11,-11,-11,-10,-10,-10,-9,-8,-8,-8,-8,-7,-7,-7,-5,-5,-5,-5,-4,-1,-1,-1,-1,0,1,1,1,2,4,5,5,6,7,8,10,11,12,14,15,16,18,20,21,22,25,25,29,29,33,33,37,37,39,42,43,46,48,51,
-15,-15,-15,-15,-15,-14,-14,-14,-14,-14,-14,-14,-14,-14,-14,-14,-14,-14,-13,-13,-12,-11,-11,-11,-10,-10,-10,-10,-10,-10,-8,-8,-8,-7,-7,-7,-6,-5,-5,-5,-4,-2,-1,-1,-1,0,1,1,1,2,4,5,5,7,7,8,9,11,12,14,15,16,18,20,21,23,24,26,28,29,32,33,36,38,41,42,45,46,50,51,54,
-15,-15,-14,-14,-14,-14,-14,-14,-14,-14,-14,-14,-14,-14,-14,-14,-14,-14,-14,-13,-11,-11,-11,-10,-10,-10,-10,-10,-10,-9,-8,-8,-7,-7,-7,-7,-6,-5,-5,-4,-3,-2,-1,-1,0,0,1,1,2,3,5,5,7,7,8,10,11,12,14,15,16,19,20,20,24,24,27,28,31,32,35,36,39,41,43,46,47,50,52,54,57,
-14,-14,-14,-14,-14,-14,-14,-14,-14,-14,-14,-14,-14,-14,-14,-14,-14,-14,-14,-13,-11,-10,-10,-10,-10,-10,-10,-10,-10,-9,-8,-8,-7,-7,-7,-6,-5,-5,-4,-3,-2,-2,-1,0,0,0,1,2,3,5,5,7,7,8,10,11,13,14,15,16,18,20,22,24,24,28,28,32,32,35,36,39,40,43,46,47,51,54,55,58,61,
-15,-14,-14,-14,-14,-14,-14,-14,-14,-14,-14,-14,-14,-14,-14,-14,-14,-14,-13,-13,-11,-10,-10,-10,-10,-10,-10,-10,-9,-9,-8,-7,-7,-7,-7,-6,-4,-4,-3,-2,-2,0,0,0,0,1,2,3,4,6,7,7,8,10,10,13,14,15,18,18,20,22,24,25,28,29,32,33,36,37,40,42,44,47,49,51,55,56,59,62,64,
-16,-16,-15,-14,-14,-14,-14,-14,-14,-14,-14,-14,-14,-14,-14,-14,-14,-13,-12,-11,-11,-10,-10,-10,-10,-10,-10,-10,-9,-9,-7,-7,-7,-7,-6,-5,-4,-3,-3,-2,-1,0,0,0,1,2,3,4,6,7,7,9,10,10,14,14,14,18,18,21,22,24,26,28,29,32,33,36,38,40,42,44,47,50,51,55,58,60,63,67,68,
-16,-16,-15,-15,-15,-14,-14,-14,-14,-14,-14,-14,-14,-14,-14,-14,-12,-12,-12,-11,-11,-11,-10,-10,-10,-10,-10,-9,-9,-8,-7,-7,-7,-5,-5,-5,-3,-3,-2,-1,-1,0,0,1,2,3,4,5,7,7,9,10,10,13,14,15,18,18,21,22,25,26,28,30,33,33,37,38,41,42,46,48,50,54,55,58,62,64,67,70,73,
-16,-16,-15,-15,-15,-15,-15,-14,-14,-14,-14,-14,-14,-14,-13,-12,-12,-12,-12,-11,-11,-11,-10,-10,-10,-10,-10,-9,-8,-8,-7,-7,-5,-5,-5,-4,-3,-1,-1,-1,0,0,1,1,3,5,5,7,8,9,10,11,13,14,15,18,19,21,22,24,26,28,30,32,35,37,39,41,44,46,49,50,54,58,58,62,65,69,72,74,77,
-16,-16,-15,-15,-15,-15,-15,-15,-14,-14,-14,-13,-13,-12,-12,-12,-12,-12,-11,-11,-11,-11,-10,-10,-10,-10,-8,-8,-8,-8,-6,-6,-5,-5,-4,-3,-1,-1,-1,-1,1,1,1,3,5,5,6,9,9,10,11,13,14,15,18,19,21,23,24,27,28,32,32,36,37,40,42,44,47,50,52,54,58,61,63,66,70,73,76,79,82,
-16,-16,-15,-15,-15,-15,-15,-15,-14,-13,-13,-12,-12,-12,-12,-12,-12,-11,-11,-11,-11,-11,-10,-10,-10,-8,-8,-8,-8,-7,-6,-5,-5,-4,-3,-1,-1,-1,-1,1,1,1,4,5,5,6,9,9,11,12,13,15,16,17,19,21,23,25,28,28,32,32,36,38,40,44,45,48,51,53,55,59,62,64,68,72,74,77,80,84,88,
-16,-15,-15,-15,-15,-14,-14,-14,-14,-13,-12,-12,-12,-12,-12,-12,-12,-11,-11,-11,-11,-11,-10,-10,-8,-8,-8,-7,-7,-6,-5,-4,-4,-3,-1,-1,-1,0,0,1,1,4,5,5,7,9,9,11,12,13,14,17,18,20,22,24,26,28,30,32,34,36,40,40,44,46,48,51,54,57,60,63,66,69,72,76,80,84,87,89,93,
-14,-14,-14,-14,-14,-14,-13,-13,-13,-13,-13,-12,-12,-12,-12,-12,-11,-11,-11,-11,-11,-11,-9,-9,-8,-7,-7,-7,-7,-5,-4,-3,-3,-2,-1,-1,0,0,1,2,4,5,5,7,8,10,11,12,14,14,17,18,21,22,24,26,28,30,32,35,37,40,42,44,47,50,52,54,58,62,64,67,70,74,77,80,84,88,92,96,99,
-14,-14,-14,-13,-13,-13,-13,-13,-13,-13,-13,-12,-12,-12,-12,-11,-11,-11,-11,-11,-10,-10,-9,-7,-7,-7,-7,-7,-5,-3,-3,-3,-2,-1,0,0,0,1,2,4,4,6,8,8,10,11,12,14,15,18,18,22,22,26,26,29,30,33,35,37,41,43,45,47,50,54,57,58,62,66,70,71,75,79,83,86,90,94,98,102,106,
-13,-13,-13,-13,-13,-13,-13,-13,-13,-13,-13,-12,-12,-12,-11,-11,-11,-11,-10,-10,-10,-8,-7,-7,-7,-7,-7,-4,-3,-3,-3,-2,-1,0,0,0,1,3,4,5,6,8,9,11,12,13,14,16,18,18,22,22,26,26,30,31,34,36,39,41,44,46,48,52,54,58,61,63,66,70,74,77,80,84,88,92,96,100,104,109,113,
-13,-13,-13,-13,-13,-13,-13,-13,-13,-13,-13,-12,-11,-11,-11,-11,-10,-10,-10,-9,-8,-7,-7,-7,-7,-5,-4,-3,-3,-3,-1,-1,0,0,1,1,3,4,5,6,8,9,11,13,13,14,16,18,20,22,23,26,28,30,32,34,36,40,41,44,48,50,52,56,58,61,65,68,72,76,79,83,87,89,93,97,101,106,110,115,120,
-13,-13,-13,-13,-13,-13,-13,-13,-13,-13,-12,-11,-11,-11,-10,-10,-9,-9,-9,-8,-7,-7,-7,-6,-5,-4,-4,-3,-3,-1,-1,0,0,1,2,3,5,5,6,9,9,11,13,14,16,16,18,20,21,25,25,29,31,33,36,37,40,44,44,48,52,53,57,60,63,66,69,73,76,80,84,88,92,96,100,104,109,113,117,122,127,
-13,-13,-13,-13,-13,-13,-13,-13,-13,-12,-11,-10,-10,-9,-9,-9,-9,-9,-8,-8,-7,-6,-5,-5,-4,-4,-3,-2,-1,-1,-1,1,1,2,4,5,5,7,9,9,12,13,14,16,17,19,21,22,25,26,29,32,33,36,39,40,44,47,48,52,55,58,61,65,68,71,74,78,82,87,91,94,98,102,106,110,115,120,126,130,135,
-13,-13,-13,-13,-13,-13,-13,-11,-11,-10,-9,-9,-9,-9,-9,-9,-8,-8,-8,-5,-5,-5,-4,-4,-3,-2,-2,-1,-1,0,1,2,2,3,5,6,8,9,9,12,13,16,16,18,20,22,23,26,26,30,32,34,37,39,42,44,47,51,54,55,59,62,66,70,74,76,79,83,87,91,95,99,105,109,114,118,123,127,133,139,143,
-13,-13,-13,-12,-12,-10,-10,-10,-9,-9,-9,-9,-9,-9,-9,-8,-7,-6,-5,-5,-5,-4,-3,-3,-2,-1,-1,0,0,1,2,3,4,5,7,8,9,11,12,14,16,16,18,19,22,23,26,28,30,34,35,38,40,43,46,48,51,55,58,61,64,66,70,74,78,82,85,90,94,99,103,107,112,117,121,125,131,136,141,146,152,
-11,-11,-11,-10,-10,-10,-10,-9,-9,-9,-9,-9,-9,-7,-6,-6,-6,-5,-5,-4,-3,-3,-3,-2,-1,0,0,0,2,3,3,4,7,7,8,11,12,12,15,16,17,19,20,23,25,26,29,30,34,36,38,41,44,47,50,52,56,59,61,65,69,73,77,80,84,88,92,96,100,105,109,113,118,123,129,133,139,144,151,155,161,
-10,-10,-10,-10,-10,-10,-9,-9,-9,-8,-7,-6,-6,-6,-6,-6,-5,-4,-3,-3,-3,-3,-1,0,0,0,1,3,3,3,6,7,8,9,11,12,13,16,17,18,20,22,24,25,28,30,33,34,37,40,42,45,48,52,54,57,60,64,66,70,73,77,81,85,90,95,99,103,107,112,117,122,127,131,136,143,147,154,159,165,172,
-10,-10,-10,-10,-8,-8,-7,-7,-7,-6,-6,-6,-6,-6,-5,-4,-3,-3,-3,-3,-2,0,0,0,2,2,3,3,6,6,7,9,10,11,13,14,17,17,19,20,23,24,26,29,31,33,36,37,41,44,47,49,52,55,59,61,65,69,72,76,79,83,87,91,95,99,105,110,114,120,124,129,135,139,146,151,157,163,169,176,182,
-9,-8,-7,-7,-7,-7,-6,-6,-6,-6,-5,-5,-5,-4,-3,-3,-3,-2,-2,-1,0,1,2,2,2,3,5,6,6,8,10,10,13,14,15,17,18,20,21,24,25,28,29,32,34,37,39,42,45,47,51,54,56,59,63,67,70,74,78,82,86,90,95,99,103,107,113,117,121,127,133,138,143,150,154,161,168,173,180,186,194,
-7,-7,-7,-6,-6,-5,-5,-5,-5,-5,-5,-5,-3,-3,-2,-2,-2,-2,-1,2,2,2,2,2,5,6,6,8,10,10,11,13,14,17,17,20,20,23,24,27,28,31,33,35,38,40,43,46,49,51,55,59,61,65,69,72,76,80,83,87,92,96,100,105,110,114,121,125,130,135,141,147,152,159,164,172,176,184,191,198,205,
-5,-5,-5,-5,-5,-5,-5,-5,-5,-5,-2,-2,-2,-2,-2,-1,1,2,2,2,2,3,5,5,6,7,9,10,11,12,14,15,17,19,20,22,23,26,27,30,31,34,37,38,42,45,47,50,53,56,59,63,66,69,73,77,81,85,89,94,98,103,107,113,117,122,128,133,139,144,151,156,163,168,176,181,188,194,202,210,218,
