-7,-7,-7,-7,-6,-5,0,0,0,0,-5,-5,-5,-5,-5,-5,-5,-5,-5,0,0,0,-5,-5,-5,-5,-5,-5,-5,-5,-5,-5,-5,-5,-4,-4,-4,-4,-4,-3,-2,0,0,0,0,0,0,0,0,0,0,0,0,1,1,1,1,1,1,2,2,2,3,3,4,4,6,6,6,8,9,9,9,11,12,13,13,14,15,16,18,19,19,20,21,23,24,
-7,-7,-7,-7,0,0,0,0,0,0,0,0,-5,-5,-5,-5,-5,-5,0,0,0,0,0,0,-5,-5,-5,-5,-5,-5,-5,-5,-5,-5,-5,-4,-4,-4,-4,-4,-3,-2,0,0,0,0,0,0,0,0,0,0,0,0,1,1,1,1,1,1,2,2,2,3,3,4,6,6,6,8,9,9,9,11,12,13,13,14,15,15,18,19,19,20,21,23,24,
-7,-7,-7,0,0,0,0,0,0,0,0,0,0,0,-7,-6,-6,0,0,0,0,0,0,0,0,-5,-5,-5,-5,-5,-5,-5,-5,-5,-5,-5,-4,-4,-4,-4,-3,-2,-2,0,0,0,0,0,0,0,0,0,0,0,1,1,1,1,1,1,2,2,2,3,3,4,6,6,6,6,9,9,9,10,12,13,13,14,15,15,18,19,19,19,20,23,24,
-8,-8,0,0,0,0,0,0,0,0,0,0,0,0,0,-7,-7,0,0,0,0,0,0,0,0,0,-5,-5,-5,-5,-5,-5,-5,-5,-5,-5,-5,-5,-4,-4,-4,-3,-2,-2,-1,0,0,0,0,0,0,0,0,0,0,1,1,1,1,1,1,2,2,2,3,3,6,6,6,7,9,9,9,9,12,12,13,14,15,15,17,19,19,19,20,23,23,
-8,0,0,0,0,0,0,0,-8,-8,-8,-8,-8,-8,0,0,0,0,0,0,0,0,-6,-6,-6,-5,-5,-5,-5,-5,-5,-5,-5,-5,-5,-5,-5,-5,-5,-4,-4,-4,-2,-2,-2,-1,0,0,0,0,0,0,0,0,0,1,1,1,1,1,1,2,2,2,3,3,4,6,6,7,8,9,9,9,12,12,13,14,15,15,16,19,19,19,21,23,24,
-8,0,0,0,0,0,0,-8,-8,-8,-8,-8,-8,-8,-8,0,0,0,0,0,0,0,-7,-7,-7,-6,-6,-6,-5,-5,-5,-5,-5,-5,-5,-5,-5,-5,-5,-5,-4,-4,-3,-2,-2,-2,-1,0,0,0,0,0,0,0,0,0,1,1,1,1,1,1,2,2,2,3,4,6,6,7,7,9,9,9,12,12,13,14,15,15,16,19,19,19,21,23,24,
-9,0,0,0,0,0,0,-8,-8,-8,-8,-8,-8,-8,-8,-8,0,0,0,0,0,0,-7,-7,-7,-7,-7,-6,-6,-6,-5,-5,-5,-5,-5,-5,-5,-5,-5,-5,-5,-4,-3,-2,-2,-2,-1,0,0,0,0,0,0,0,0,0,0,1,1,1,1,1,2,2,2,3,3,6,7,7,7,9,9,9,11,12,14,14,15,15,17,19,19,20,21,23,24,
-9,0,0,0,0,0,-9,-8,-8,-8,-8,-8,-8,-8,-8,-8,0,0,0,0,0,0,-8,-8,-7,-7,-7,-7,-7,-6,-6,-6,-5,-5,-5,-5,-5,-5,-5,-5,-5,-5,-3,-2,-2,-2,-2,-1,0,0,0,0,0,0,0,0,0,1,1,1,1,1,2,2,2,3,4,6,7,7,7,9,9,9,11,12,13,14,15,15,17,19,19,20,21,23,24,
-9,0,0,0,0,0,-9,-9,-9,-9,-9,-8,-8,-8,-8,-8,0,0,0,0,0,0,-8,-8,-8,-8,-8,-7,-7,-7,-7,-6,-6,-6,-5,-5,-5,-5,-5,-5,-5,-5,-4,-3,-2,-2,-2,-2,-1,0,0,0,0,0,0,0,0,0,1,1,1,1,1,2,2,2,4,6,7,7,7,8,9,9,11,13,13,14,15,15,17,19,20,20,21,24,24,
-10,0,0,0,0,0,-9,-9,-9,-9,-9,-9,-9,-9,-8,-8,0,0,0,0,0,0,-8,-8,-8,-8,-8,-8,-8,-7,-7,-7,-7,-6,-6,-6,-5,-5,-5,-5,-5,-5,-4,-4,-2,-2,-2,-2,-2,-1,0,0,0,0,0,0,0,0,1,1,1,1,1,2,2,2,4,5,7,7,7,7,9,10,11,13,13,14,14,16,17,19,20,20,21,24,24,
-10,0,0,0,0,0,0,-10,-10,-9,-9,-9,-9,-9,-9,-9,0,0,0,0,0,0,-8,-8,-8,-8,-8,-8,-8,-8,-8,-7,-7,-7,-6,-6,-6,-5,-5,-5,-5,-5,-4,-4,-3,-2,-2,-2,-2,-1,-1,0,0,0,0,0,0,0,0,1,1,1,1,1,2,3,4,5,7,7,7,7,9,10,12,13,13,14,14,16,17,19,20,20,22,24,25,
-10,-10,0,0,0,0,0,-10,-10,-10,-10,-10,-10,-10,-10,-9,0,0,0,0,0,0,-8,-8,-8,-8,-8,-8,-8,-8,-8,-8,-7,-7,-7,-7,-6,-6,-6,-5,-5,-5,-4,-4,-3,-3,-2,-2,-2,-2,-1,-1,0,0,0,0,0,0,0,1,1,1,1,1,2,3,4,5,7,7,7,7,10,10,12,12,13,14,15,16,18,18,20,21,22,24,25,
-11,-11,-11,0,0,0,0,0,-10,-10,-10,-10,-10,-10,-10,-10,0,0,0,0,0,0,-8,-8,-8,-8,-8,-8,-8,-8,-8,-8,-8,-8,-7,-7,-7,-6,-6,-6,-5,-5,-4,-4,-3,-3,-3,-2,-2,-2,-1,-1,0,0,0,0,0,0,0,1,1,1,1,1,3,3,4,5,7,7,7,8,9,11,12,12,13,15,15,17,18,18,21,21,22,25,25,
-11,-11,-11,-11,-11,0,0,0,0,0,-11,-11,-11,-11,-10,-10,0,0,0,0,0,0,-8,-8,-8,-8,-8,-8,-8,-8,-8,-8,-8,-8,-8,-7,-7,-7,-6,-6,-6,-5,-4,-4,-3,-3,-3,-2,-2,-2,-1,-1,-1,0,0,0,0,0,0,0,1,1,1,1,2,4,4,5,6,7,7,8,9,11,12,12,13,15,15,18,18,18,21,21,23,25,26,
-12,-11,-11,-11,-11,-11,-11,-11,0,0,0,0,0,-11,-11,-11,0,0,0,0,0,0,-9,-9,-9,-8,-8,-8,-8,-8,-8,-8,-8,-8,-8,-8,-7,-7,-7,-6,-6,-6,-5,-4,-3,-3,-3,-3,-2,-2,-1,-1,-1,-1,0,0,0,0,0,0,1,1,1,2,2,4,4,5,6,7,8,8,9,12,12,12,14,15,16,18,18,19,21,22,23,26,26,
-12,-12,-12,-12,-11,-11,-11,-11,-11,-11,0,0,0,0,0,0,0,0,0,0,0,0,-11,-10,-9,-9,-9,-8,-8,-8,-8,-8,-8,-8,-8,-8,-7,-7,-7,-7,-7,-6,-5,-5,-3,-3,-3,-3,-3,-2,-1,-1,-1,-1,0,0,0,0,0,0,0,1,1,2,3,4,4,5,6,7,8,8,9,12,12,13,14,14,17,18,19,19,22,23,24,26,26,
-12,-12,-12,-12,-12,-12,-11,-11,-11,-11,-11,-11,-11,0,0,0,0,0,0,0,0,0,-11,-10,-10,-10,-10,-9,-9,-9,-8,-8,-8,-8,-8,-8,-8,-7,-7,-7,-7,-7,-5,-4,-4,-3,-3,-3,-3,-3,-1,-1,-1,-1,-1,0,0,0,0,0,0,1,2,2,3,4,5,5,6,8,8,9,10,12,13,13,14,16,17,19,19,19,23,23,24,26,27,
-13,-12,-12,-12,-12,-12,-12,-12,-11,-11,-11,-11,-11,-11,-11,-11,0,0,0,0,0,0,-11,-11,-10,-10,-10,-10,-10,-9,-9,-8,-8,-8,-8,-8,-8,-7,-7,-7,-7,-7,-6,-4,-4,-4,-3,-3,-3,-3,-1,-1,-1,-1,-1,0,0,0,0,0,0,1,2,3,3,3,5,5,7,8,9,9,10,12,13,13,15,16,18,19,19,22,23,24,25,27,28,
-13,-13,-13,-13,-13,-13,-13,-13,-13,-12,-11,-11,-11,-11,-11,-11,0,0,0,0,0,0,-11,-11,-11,-10,-10,-10,-10,-10,-10,-9,-9,-8,-8,-8,-8,-8,-7,-7,-7,-6,-6,-5,-4,-4,-3,-3,-3,-3,-2,-1,-1,-1,-1,-1,0,0,0,0,0,1,2,3,3,4,5,5,7,7,9,10,10,13,13,14,16,17,18,19,21,22,24,24,26,28,29,
-14,-14,-14,-14,-13,-13,-13,-13,-13,-13,-13,-12,-12,-12,-12,-11,0,0,0,0,0,0,-11,-11,-11,-10,-10,-10,-10,-10,-10,-10,-10,-9,-9,-8,-8,-8,-7,-7,-7,-6,-6,-5,-4,-4,-4,-3,-3,-3,-2,-1,-1,-1,-1,-1,0,0,0,0,0,1,3,3,3,4,5,6,7,8,10,10,11,13,13,15,16,18,18,19,21,23,24,25,28,29,29,
-14,-14,-14,0,0,-14,-14,-14,-14,-13,-13,-13,-12,-12,-12,-12,0,0,0,0,0,0,-11,-11,-11,-11,-10,-10,-10,-10,-10,-10,-10,-10,-9,-9,-8,-8,-7,-7,-7,-6,-6,-5,-5,-4,-4,-4,-3,-3,-2,-2,-1,-1,-1,-1,0,0,0,0,1,2,3,3,4,4,6,6,8,8,10,11,11,13,14,15,17,18,18,21,22,23,24,26,29,29,30,
-14,-14,0,0,0,0,-14,-14,-14,-14,-14,-14,-13,-12,-12,-12,0,0,0,0,0,-12,-12,-11,-11,-11,-10,-10,-10,-10,-10,-10,-10,-10,-10,-10,-9,-8,-7,-7,-7,-6,-5,-5,-5,-5,-4,-4,-3,-3,-2,-2,-2,-1,-1,-1,0,0,0,1,1,2,3,3,4,5,6,7,8,9,11,11,12,14,15,16,17,18,20,22,23,23,26,27,29,30,33,
-15,-15,0,0,0,0,0,-14,-14,-14,-14,-14,-14,-13,-13,-12,0,0,0,0,0,-12,-12,-12,-12,-11,-10,-10,-10,-10,-10,-10,-10,-10,-10,-10,-10,-9,-8,-7,-6,-6,-5,-5,-5,-5,-5,-4,-3,-2,-2,-2,-2,-1,-1,-1,0,0,0,1,2,2,2,4,4,5,5,7,8,9,11,11,13,15,16,16,18,20,21,22,23,25,27,28,30,32,34,
-15,-15,0,0,0,0,0,-15,-15,-15,-14,-14,-14,-14,-13,-13,0,0,0,0,0,-12,-12,-12,-12,-12,-11,-11,-10,-10,-10,-10,-10,-10,-10,-10,-10,-9,-9,-8,-6,-6,-5,-5,-5,-5,-5,-5,-3,-2,-2,-2,-2,-2,-1,-1,0,0,1,2,2,2,2,4,5,5,6,8,9,10,11,12,14,16,16,16,20,21,21,23,25,27,28,29,32,33,35,
-15,-15,0,0,0,0,0,-15,-15,-15,-15,-15,-15,-15,-13,0,0,0,0,0,0,-12,-12,-12,-12,-12,-11,-11,-11,-11,-10,-10,-10,-10,-10,-10,-10,-10,-9,-7,-7,-5,-5,-5,-5,-5,-5,-5,-3,-2,-2,-2,-2,-2,-1,-1,0,1,1,2,2,2,3,5,5,6,6,9,10,10,12,13,15,16,16,19,21,21,22,25,26,27,29,31,32,34,36,
-16,-16,-16,0,0,0,0,0,-15,-15,-15,-15,-15,-15,-14,0,0,0,0,0,-12,-12,-12,-12,-12,-12,-11,-11,-11,-11,-11,-10,-10,-10,-10,-10,-10,-10,-9,-7,-7,-6,-5,-5,-5,-5,-5,-5,-5,-2,-2,-2,-2,-2,-1,-1,0,1,2,2,2,2,4,5,6,6,8,10,10,10,13,15,15,16,18,20,21,21,24,26,26,29,31,32,34,35,37,
-16,-16,-16,-16,-16,0,0,0,-16,-16,-16,-16,-16,0,0,0,0,0,0,0,-13,-12,-12,-12,-12,-12,-11,-11,-11,-11,-11,-11,-11,-10,-10,-10,-10,-10,-9,-7,-6,-6,-5,-5,-5,-5,-5,-5,-3,-2,-2,-2,-2,-2,-1,0,1,2,2,2,2,4,4,6,6,6,9,10,10,11,15,15,15,17,20,20,21,25,26,26,28,31,31,34,36,37,40,
-16,-16,-16,-16,-16,-16,0,0,0,0,0,0,0,0,0,0,0,0,0,-14,-14,-14,-13,-12,-12,-12,-11,-11,-11,-11,-11,-11,-11,-11,-10,-10,-10,-10,-8,-7,-6,-6,-6,-5,-5,-5,-5,-5,-3,-2,-2,-2,-2,-2,-2,1,2,2,2,2,4,4,5,6,6,9,10,10,11,14,15,15,16,20,20,21,25,25,26,29,31,31,35,36,36,40,41,
-16,-16,-16,-16,-16,-16,-16,-16,0,0,0,0,0,0,0,0,0,0,-15,-15,-14,-14,-14,-13,-12,-12,-11,-11,-11,-11,-11,-11,-11,-11,-11,-10,-10,-9,-8,-7,-6,-6,-6,-5,-5,-5,-5,-4,-3,-2,-2,-2,-2,-2,-1,2,2,2,2,2,4,4,5,6,8,9,10,11,13,15,15,16,20,20,20,25,25,26,29,30,31,34,36,36,40,41,45,
-16,-16,-16,-16,-16,-16,-16,-16,-16,-16,-16,0,0,0,0,0,-15,-15,-15,-15,-15,-15,-14,-13,-13,-13,-11,-11,-11,-11,-11,-11,-11,-11,-11,-10,-9,-9,-8,-7,-6,-6,-6,-5,-5,-5,-5,-4,-3,-2,-2,-2,-2,-1,0,2,2,2,2,4,4,5,6,8,9,9,11,13,14,15,16,18,20,20,24,25,25,28,30,31,34,36,36,40,41,45,45,
-16,-16,-16,-16,-16,-16,-16,-16,-16,-16,-16,-15,-15,-15,-15,-15,-15,-15,-15,-15,-15,-15,-15,-15,-13,-12,-12,-11,-11,-11,-11,-11,-11,-11,-11,-10,-9,-9,-7,-7,-6,-6,-6,-6,-5,-5,-4,-4,-3,-2,-2,-2,-1,-1,2,2,2,2,4,4,5,5,7,8,9,11,12,14,15,16,18,20,20,23,25,25,28,30,31,34,36,37,39,41,45,45,49,
-16,-16,-16,-16,-16,-16,-16,-16,-16,-15,-15,-15,-15,-15,-15,-15,-15,-15,-15,-15,-15,-15,-15,-15,-14,-12,-12,-12,-11,-11,-11,-11,-11,-11,-10,-10,-9,-8,-7,-7,-6,-6,-6,-6,-5,-5,-4,-4,-3,-2,-2,-2,-1,0,2,2,2,4,4,5,5,6,8,9,10,12,13,14,16,18,20,20,23,25,25,29,30,31,33,35,37,39,41,44,46,48,50,
-16,-16,-16,-16,-16,-16,-16,-16,-15,-15,-15,-15,-15,-15,-15,-15,-15,-15,-15,-15,-15,-15,-15,-15,-13,-13,-12,-12,-11,-11,-11,-11,-11,-11,-10,-10,-10,-7,-7,-7,-6,-6,-6,-6,-5,-4,-4,-4,-3,-2,-2,-1,0,1,2,2,3,4,5,5,6,8,9,10,12,13,14,17,18,19,20,23,25,26,28,30,31,34,35,38,40,42,44,47,48,50,54,
-17,-17,-17,-17,-17,-16,-15,-15,-15,-15,-15,-15,-15,-15,-15,-15,-15,-15,-15,-15,-15,-15,-15,-15,-13,-13,-13,-12,-12,-11,-11,-11,-11,-10,-10,-10,-9,-7,-7,-7,-6,-6,-6,-6,-5,-4,-4,-3,-3,-2,-1,0,0,2,2,3,4,5,5,6,7,8,10,11,13,14,16,18,19,21,23,24,26,28,30,31,34,36,38,40,42,44,47,48,52,54,56,
-18,-18,-17,-17,-16,-16,-16,-16,-16,-16,-15,-15,-15,-15,-15,-15,-15,-15,-15,-15,-15,-15,-15,-14,-13,-13,-13,-13,-12,-11,-11,-10,-10,-10,-10,-9,-8,-7,-7,-7,-6,-6,-6,-6,-4,-4,-4,-3,-3,-1,0,0,1,2,3,4,5,5,6,7,9,10,11,13,13,16,18,18,22,23,23,26,28,30,31,34,36,38,41,43,45,47,49,52,54,57,60,
-18,-17,-17,-17,-17,-16,-16,-16,-16,-16,-16,-16,-16,-15,-15,-15,-15,-15,-15,-15,-15,-15,-14,-14,-13,-13,-13,-13,-13,-12,-10,-10,-10,-10,-9,-9,-8,-7,-7,-7,-6,-6,-6,-6,-4,-4,-4,-3,-2,0,0,0,1,3,5,5,5,6,7,8,10,11,12,14,16,18,18,21,23,23,26,28,31,32,33,36,39,41,43,46,48,50,53,55,58,61,63,
-17,-17,-17,-17,-17,-17,-17,-17,-16,-16,-16,-16,-16,-16,-16,-15,-15,-15,-15,-15,-15,-14,-14,-14,-13,-13,-13,-13,-13,-12,-10,-10,-10,-9,-9,-8,-8,-8,-7,-7,-6,-6,-6,-5,-4,-4,-3,-2,0,0,0,1,3,5,5,5,6,7,8,10,11,12,14,16,17,18,21,23,24,27,28,30,33,34,36,38,41,42,46,48,51,53,55,58,61,63,66,
-17,-17,-17,-17,-17,-17,-17,-17,-17,-17,-17,-16,-16,-16,-16,-16,-16,-15,-15,-15,-14,-14,-14,-13,-13,-13,-13,-12,-12,-12,-10,-10,-9,-9,-9,-8,-8,-8,-7,-6,-6,-6,-5,-4,-4,-4,-1,-1,0,0,0,2,5,5,5,6,7,8,9,11,12,15,16,17,19,21,23,24,26,28,29,33,34,37,39,41,43,46,48,51,54,56,59,63,64,68,71,
-17,-17,-17,-17,-17,-17,-17,-17,-17,-17,-17,-17,-16,-16,-16,-16,-16,-16,-15,-14,-14,-14,-14,-13,-13,-13,-12,-12,-12,-12,-10,-9,-9,-9,-8,-8,-8,-8,-7,-6,-6,-5,-5,-4,-4,-1,-1,-1,0,1,2,4,5,6,6,7,8,9,11,12,14,16,17,20,21,22,24,27,29,29,33,34,37,39,42,44,47,48,52,54,57,59,63,64,69,72,74,
-17,-17,-17,-17,-17,-17,-17,-17,-17,-17,-17,-17,-17,-17,-16,-16,-16,-16,-15,-15,-14,-14,-13,-13,-12,-12,-12,-12,-12,-12,-10,-9,-9,-8,-8,-8,-8,-8,-7,-6,-6,-5,-5,-4,-2,-1,-1,0,1,1,4,5,6,6,8,8,9,11,12,14,15,17,19,21,22,25,27,29,30,34,34,38,39,42,44,47,49,52,55,58,59,64,66,69,74,74,79,
-17,-17,-17,-17,-17,-17,-17,-17,-17,-17,-17,-17,-17,-17,-17,-16,-16,-15,-15,-15,-15,-14,-12,-12,-12,-12,-12,-12,-12,-11,-10,-9,-9,-8,-8,-8,-8,-8,-6,-6,-5,-5,-4,-2,-1,-1,-1,1,2,3,4,6,6,8,8,9,9,13,14,15,17,19,20,23,25,27,29,30,34,34,39,39,44,44,48,49,53,55,58,62,64,68,69,74,78,79,83,
-17,-17,-17,-17,-17,-17,-17,-17,-17,-17,-17,-17,-17,-17,-17,-15,-15,-15,-15,-15,-14,-12,-12,-12,-12,-12,-12,-12,-11,-11,-10,-9,-8,-8,-8,-8,-8,-7,-6,-5,-5,-3,-2,-2,-1,-1,0,2,3,4,6,6,8,9,9,9,14,14,14,18,19,21,23,25,28,28,31,33,35,38,39,44,44,49,50,54,57,58,63,64,68,72,74,79,81,84,88,
-18,-17,-17,-17,-17,-17,-17,-17,-17,-17,-17,-17,-17,-16,-16,-16,-15,-14,-14,-14,-13,-13,-12,-12,-12,-12,-12,-11,-11,-11,-10,-8,-8,-8,-8,-8,-8,-6,-5,-5,-3,-3,-2,-1,-1,0,2,2,4,5,7,8,9,9,9,13,14,14,19,19,21,24,24,28,29,32,33,37,38,42,44,46,49,51,54,58,59,63,67,68,73,76,79,82,86,90,93,
-18,-18,-18,-18,-17,-17,-17,-17,-17,-17,-17,-16,-16,-15,-15,-15,-14,-14,-14,-13,-13,-13,-12,-12,-12,-11,-11,-11,-11,-10,-9,-8,-8,-8,-8,-8,-8,-5,-4,-3,-3,-3,-1,0,1,1,3,5,5,7,8,9,9,11,13,14,15,19,19,21,24,24,28,29,32,33,37,38,42,44,47,49,52,55,58,61,63,68,71,73,78,81,85,87,91,96,99,
-18,-18,-18,-18,-18,-18,-17,-17,-17,-15,-15,-15,-15,-15,-15,-15,-14,-14,-13,-13,-13,-13,-13,-12,-11,-11,-11,-11,-11,-9,-9,-8,-8,-8,-8,-8,-5,-3,-3,-3,-3,-2,0,1,1,3,5,5,7,9,9,9,11,13,14,17,18,19,21,24,26,29,30,32,34,37,38,42,44,47,51,53,56,59,61,66,68,72,75,79,82,86,91,93,96,101,105,
-18,-18,-18,-17,-17,-17,-16,-16,-15,-15,-15,-15,-15,-15,-15,-15,-13,-13,-13,-13,-13,-13,-12,-11,-11,-11,-11,-11,-9,-9,-9,-8,-8,-8,-8,-6,-3,-3,-3,-3,-3,1,1,1,2,5,6,6,9,9,10,12,13,14,17,18,19,22,24,26,29,31,33,36,37,41,42,46,48,51,54,56,61,62,66,71,73,76,80,84,88,91,96,100,103,107,112,
-17,-17,-16,-16,-16,-16,-16,-16,-16,-15,-15,-15,-15,-15,-15,-13,-13,-13,-13,-13,-12,-12,-12,-11,-11,-11,-11,-10,-9,-9,-8,-8,-8,-7,-6,-4,-3,-3,-3,-1,1,1,1,3,4,6,6,9,9,10,12,13,14,17,18,21,22,25,26,29,31,34,36,38,41,44,46,49,52,55,58,61,64,67,71,75,77,81,85,90,93,97,101,106,109,114,118,
-16,-16,-16,-16,-16,-16,-16,-16,-16,-16,-15,-15,-15,-14,-14,-13,-13,-13,-12,-12,-12,-12,-12,-11,-11,-10,-10,-9,-9,-9,-8,-7,-6,-5,-4,-4,-3,-3,-1,0,1,1,3,5,6,7,8,10,11,12,13,15,17,18,22,22,25,27,29,31,35,36,40,41,45,46,50,53,55,59,63,65,68,72,76,80,82,87,91,95,100,102,107,112,117,121,126,
-16,-16,-16,-16,-16,-16,-16,-16,-16,-16,-15,-14,-14,-14,-13,-13,-12,-12,-12,-12,-12,-12,-12,-11,-10,-10,-9,-9,-8,-8,-7,-6,-5,-4,-4,-3,-1,-1,-1,1,2,4,4,6,8,8,10,11,12,14,16,17,19,22,22,25,27,30,32,34,36,41,42,46,47,51,53,57,60,63,67,70,73,77,82,85,88,92,96,101,106,111,113,118,123,128,133,
-16,-16,-16,-16,-16,-16,-16,-16,-16,-15,-14,-14,-14,-12,-12,-12,-12,-12,-12,-12,-12,-12,-10,-10,-10,-9,-8,-8,-8,-7,-5,-5,-4,-4,-2,-1,-1,-1,0,4,4,4,7,8,9,10,12,12,15,16,17,20,21,23,26,28,30,33,35,38,41,43,46,48,52,56,57,62,64,68,71,76,78,82,87,91,94,98,103,106,111,116,121,125,130,136,141,
-16,-16,-16,-16,-16,-16,-15,-15,-15,-15,-13,-13,-12,-12,-12,-12,-12,-12,-12,-12,-11,-11,-10,-9,-8,-8,-8,-8,-6,-5,-5,-3,-3,-2,-1,-1,-1,2,4,4,4,7,9,9,11,12,13,15,16,18,21,21,24,26,28,31,33,35,38,42,43,47,49,52,57,58,62,66,69,72,76,81,85,88,92,97,101,106,110,115,119,124,129,134,139,144,149,
-16,-16,-15,-15,-15,-15,-14,-14,-14,-14,-12,-12,-12,-12,-12,-12,-12,-12,-12,-10,-10,-10,-9,-8,-8,-8,-7,-6,-5,-4,-3,-3,-2,-1,-1,0,2,4,4,5,8,9,9,10,13,14,16,16,18,21,22,26,27,30,32,34,37,39,43,44,48,51,54,57,61,63,67,71,75,78,81,86,90,94,99,104,109,112,117,122,127,132,137,142,147,153,158,
-15,-14,-14,-14,-14,-14,-14,-14,-14,-13,-12,-12,-12,-12,-11,-11,-10,-10,-10,-10,-10,-9,-8,-8,-7,-6,-5,-5,-4,-3,-2,-2,-2,0,1,3,4,4,6,8,9,10,12,13,14,16,18,18,21,23,26,27,30,32,35,37,40,43,46,49,51,55,57,62,65,69,72,76,80,84,88,91,96,99,104,109,114,119,123,128,133,140,145,152,157,162,169,
-14,-14,-14,-14,-14,-14,-14,-13,-12,-11,-11,-11,-11,-11,-10,-10,-10,-10,-10,-10,-9,-8,-7,-5,-5,-5,-5,-4,-2,-2,-2,-1,1,2,3,3,6,6,8,10,11,12,14,14,17,18,19,23,23,27,28,32,32,37,37,42,44,47,50,53,56,60,62,66,70,74,78,81,85,89,93,98,103,108,113,117,122,127,133,138,143,149,154,160,166,173,179,
-13,-13,-13,-13,-12,-12,-12,-12,-11,-11,-11,-10,-10,-10,-10,-10,-10,-10,-10,-8,-6,-5,-5,-5,-5,-5,-3,-2,-1,-1,-1,1,3,3,5,6,8,8,11,12,12,14,16,18,18,20,23,24,28,29,32,34,37,40,42,46,47,51,55,57,60,65,69,70,75,79,84,89,91,96,101,105,110,115,120,125,130,135,140,145,152,158,163,169,176,183,190,
-13,-13,-12,-12,-12,-12,-12,-10,-10,-10,-10,-10,-10,-10,-9,-9,-9,-7,-7,-5,-5,-5,-5,-5,-4,-1,-1,-1,-1,0,1,4,4,5,6,8,10,11,12,13,15,16,18,19,22,23,25,28,30,33,35,37,40,43,46,49,52,55,59,63,65,70,73,76,81,84,89,94,98,103,107,112,117,121,126,133,138,144,149,155,161,168,173,180,186,194,201,
-12,-12,-12,-11,-11,-11,-9,-9,-9,-9,-9,-9,-9,-8,-8,-7,-6,-6,-5,-5,-5,-3,-3,-3,-1,-1,0,0,0,4,4,5,5,7,10,10,12,13,14,16,18,18,21,22,25,26,29,31,35,35,40,40,45,48,50,54,57,59,64,66,71,75,78,83,87,90,95,100,105,110,114,119,124,129,136,142,147,153,159,166,171,178,185,190,199,205,214,
-10,-10,-10,-10,-10,-9,-9,-9,-9,-8,-8,-8,-8,-6,-6,-6,-4,-4,-3,-3,-3,-3,-2,-1,0,1,1,2,4,5,5,7,10,10,10,13,14,14,17,19,20,21,22,26,27,31,32,35,37,40,44,45,50,51,55,59,62,65,69,73,76,81,85,89,94,97,101,106,112,117,122,128,133,139,144,150,157,162,170,176,181,190,195,203,210,218,224,
-10,-10,-10,-9,-8,-8,-8,-8,-8,-6,-5,-5,-5,-5,-5,-3,-3,-3,-3,-3,-2,-1,1,1,1,2,4,5,6,7,8,10,10,12,14,14,16,18,19,21,22,25,26,30,31,34,36,39,41,45,47,50,55,56,60,64,66,70,75,78,82,87,91,95,100,105,110,115,120,125,131,136,141,147,153,160,166,172,180,186,193,200,207,216,223,230,240,
-7,-7,-7,-7,-7,-6,-6,-5,-5,-5,-5,-4,-4,-3,-3,-3,-2,-2,-1,0,0,1,1,2,3,5,6,7,8,9,10,12,13,14,16,17,19,21,22,24,25,28,30,32,35,37,40,42,45,49,51,55,57,61,66,68,72,75,80,85,89,93,98,103,108,112,117,122,127,132,140,146,151,156,164,170,177,183,191,198,206,212,221,228,236,245,253,
-6,-6,-6,-5,-5,-5,-4,-4,-4,-3,-3,-3,-2,-2,-2,-1,0,0,0,1,2,4,4,5,5,7,8,9,10,13,13,13,16,17,17,21,22,22,25,26,30,30,35,35,40,42,44,47,50,53,56,60,63,67,71,75,78,83,86,91,95,100,104,109,115,121,126,132,137,142,148,155,161,167,174,181,188,195,203,210,217,226,233,242,251,258,267,
-3,-3,-3,-3,-3,-3,-3,-3,-3,-3,-2,-2,-1,0,0,1,1,2,4,4,4,5,5,8,9,9,10,13,13,14,15,17,17,20,22,22,25,26,28,30,33,35,38,40,43,46,48,52,55,58,61,65,69,73,77,81,84,88,93,97,102,107,112,118,123,128,134,139,145,152,158,164,172,178,185,192,199,207,214,223,232,238,247,257,266,274,284,
