-6,0,0,0,0,0,0,0,0,0,0,0,0,0,0,0,-4,-4,-4,-4,-4,-4,-4,-4,-4,-4,-4,-3,-3,-3,-3,-3,-2,-2,-1,-1,-1,1,1,1,2,2,2,2,2,3,4,4,4,5,5,5,8,8,8,9,9,10,12,12,14,15,15,16,17,20,20,22,24,25,25,26,29,30,32,33,35,37,37,39,42,
-7,0,0,0,0,0,0,0,0,0,0,0,0,0,0,0,-4,-4,-4,-4,-4,-4,-4,-4,-4,-4,-4,-4,-4,-3,-3,-3,-3,-3,-2,-2,-1,-1,1,1,1,2,2,2,2,3,3,4,4,5,5,5,5,8,8,8,9,10,11,12,13,14,15,16,17,20,20,21,22,25,25,26,27,29,32,33,35,35,37,39,42,
-8,-8,-8,-7,0,0,0,0,0,0,0,0,-6,-5,-5,-5,-5,-5,-5,-5,-4,-4,-4,-4,-4,-4,-4,-4,-4,-4,-4,-3,-3,-3,-3,-2,-2,-1,0,1,1,1,2,2,2,2,3,4,4,4,5,5,5,8,8,8,9,9,10,12,12,14,15,16,17,18,20,20,22,24,25,26,27,29,31,33,34,35,37,39,41,
-8,-8,-8,-8,-8,0,0,0,0,0,0,-7,-7,-7,-6,-6,-6,-5,-5,-5,-5,-5,-4,-4,-4,-4,-4,-4,-4,-4,-4,-4,-3,-3,-3,-3,-2,-2,-1,0,1,1,1,2,2,2,2,3,4,4,4,5,5,5,8,8,8,9,10,11,12,13,15,15,16,18,20,20,22,24,25,25,26,29,31,33,33,35,37,38,41,
-9,-9,-9,-9,-9,0,0,0,0,0,0,-8,-8,-8,-7,-7,-7,-7,-6,-6,-5,-5,-5,-5,-4,-4,-4,-4,-4,-4,-4,-4,-4,-3,-3,-3,-3,-2,-2,0,0,1,1,1,2,2,2,2,3,4,4,5,5,5,8,8,8,9,9,10,12,13,14,15,16,18,19,20,21,22,25,25,26,29,31,31,33,35,36,38,41,
-9,-9,-9,-9,-9,0,0,0,0,0,0,-9,-8,-8,-8,-8,-8,-7,-7,-7,-7,-6,-5,-5,-5,-5,-5,-4,-4,-4,-4,-4,-4,-4,-4,-3,-3,-3,-2,-1,0,1,1,1,1,2,2,2,2,3,4,4,5,5,5,8,8,8,9,10,11,12,13,15,15,18,18,20,20,22,24,25,25,28,31,31,33,35,35,38,40,
-9,-9,-9,-9,-9,0,0,0,0,0,0,-9,-9,-9,-9,-9,-8,-8,-8,-8,-7,-7,-7,-6,-5,-5,-5,-5,-5,-4,-4,-4,-4,-4,-4,-4,-3,-3,-3,-1,-1,0,1,1,1,1,2,2,2,3,4,4,4,5,5,7,8,8,9,9,10,12,13,14,15,17,18,20,20,22,24,25,26,28,29,31,33,34,35,38,39,
-9,-9,-9,-9,-9,0,0,0,0,0,0,-9,-9,-9,-9,-9,-9,-9,-9,-8,-8,-8,-8,-7,-7,-6,-6,-5,-5,-5,-4,-4,-4,-4,-4,-4,-4,-3,-3,-3,-1,-1,0,1,1,1,1,2,2,2,3,4,4,5,5,5,8,8,8,9,10,11,13,13,16,16,18,19,20,21,23,24,26,27,29,31,32,33,36,37,39,
-9,-9,-9,-9,-9,0,0,0,0,0,0,-9,-9,-9,-9,-9,-9,-9,-9,-9,-9,-9,-8,-8,-8,-7,-7,-6,-5,-5,-5,-5,-4,-4,-4,-4,-4,-4,-3,-3,-2,-1,-1,0,1,1,1,2,2,2,2,4,4,4,5,5,7,8,8,8,9,10,12,13,16,16,18,18,20,21,22,25,26,26,29,31,32,33,35,37,39,
-11,-11,-11,-11,-11,0,0,0,0,0,0,-9,-9,-9,-9,-9,-9,-9,-9,-9,-9,-9,-9,-9,-9,-8,-8,-7,-7,-6,-5,-5,-5,-5,-4,-4,-4,-4,-4,-3,-2,-2,-1,-1,0,1,1,1,2,2,2,2,4,4,4,5,5,7,8,8,9,10,11,14,14,16,16,18,19,21,21,25,26,26,29,30,31,34,35,37,39,
-12,-11,-11,-11,-11,0,0,0,0,0,0,-10,-10,-9,-9,-9,-9,-9,-9,-9,-9,-9,-9,-9,-9,-9,-9,-8,-7,-7,-7,-6,-5,-5,-5,-4,-4,-4,-4,-4,-2,-2,-2,-1,-1,1,1,1,1,2,2,2,3,4,4,5,5,7,8,8,8,10,11,14,14,16,16,18,19,21,22,25,25,26,27,30,32,33,35,38,38,
-12,-12,-12,-12,-12,0,0,0,0,0,0,-11,-11,-11,-11,-11,-10,-9,-9,-9,-9,-9,-9,-9,-9,-9,-9,-9,-9,-8,-7,-7,-6,-5,-5,-5,-4,-4,-4,-3,-3,-2,-2,-2,-1,-1,1,1,1,1,2,2,2,4,4,4,5,5,7,8,8,9,11,13,14,15,16,17,18,21,22,23,25,26,27,30,31,33,35,37,38,
-13,-13,-13,-13,-12,0,0,0,0,0,0,-12,-12,-12,-11,-11,-11,-11,-11,-10,-10,-9,-9,-9,-9,-9,-9,-9,-9,-9,-9,-7,-7,-7,-5,-5,-5,-5,-4,-3,-3,-3,-2,-2,-2,-1,0,1,1,1,1,2,2,2,4,4,4,5,7,8,8,8,11,13,14,14,16,17,18,21,22,23,25,25,27,31,31,33,35,36,39,
-14,-14,-13,-13,-13,0,0,0,0,0,0,-12,-12,-12,-12,-12,-12,-11,-11,-11,-11,-11,-10,-9,-9,-9,-9,-9,-9,-9,-9,-9,-8,-7,-7,-6,-5,-5,-5,-3,-3,-3,-3,-2,-2,-1,0,0,1,1,1,2,2,2,3,4,4,5,6,7,8,9,11,13,13,14,15,17,18,21,21,23,25,25,28,30,31,33,34,37,39,
-14,-14,-14,-14,-14,0,0,0,0,0,0,-12,-12,-12,-12,-12,-12,-12,-12,-12,-12,-11,-11,-11,-10,-10,-9,-9,-9,-9,-9,-9,-9,-8,-7,-7,-6,-5,-5,-4,-3,-3,-3,-3,-2,-2,-1,0,0,1,1,1,2,2,2,4,4,4,5,7,8,9,9,13,13,14,15,17,18,21,21,23,24,26,28,30,31,32,36,37,38,
-14,-14,-14,-14,-14,0,0,0,0,0,0,-13,-13,-13,-13,-12,-12,-12,-12,-12,-12,-12,-12,-11,-11,-11,-10,-10,-9,-9,-9,-9,-9,-9,-8,-8,-7,-6,-5,-4,-4,-3,-3,-3,-3,-2,-2,0,0,0,1,1,1,2,2,3,4,4,4,7,8,9,9,12,13,13,15,16,19,20,21,22,25,27,27,30,31,32,36,37,38,
-15,-15,-15,-15,-15,0,0,0,0,0,0,-14,-13,-13,-13,-13,-13,-13,-13,-12,-12,-12,-12,-12,-12,-11,-11,-11,-10,-10,-9,-9,-9,-9,-8,-8,-8,-7,-6,-4,-4,-4,-3,-3,-3,-2,-2,0,0,0,1,1,1,1,2,2,3,4,4,7,8,8,10,11,13,13,15,16,19,19,21,21,25,26,27,30,30,34,36,36,38,
-16,-15,-15,-15,-15,0,0,0,0,0,0,-15,-14,-13,-13,-13,-13,-13,-13,-13,-13,-13,-13,-12,-12,-12,-12,-11,-11,-11,-10,-10,-9,-9,-9,-8,-8,-8,-7,-5,-4,-4,-4,-4,-3,-3,-2,-1,0,0,0,1,1,1,2,2,3,4,5,5,8,8,10,10,13,14,14,17,18,19,21,22,25,26,27,29,31,33,35,36,39,
-17,-17,-17,-17,-17,0,0,0,0,0,0,-15,-15,-15,-14,-14,-13,-13,-13,-13,-13,-13,-13,-13,-13,-12,-12,-12,-12,-11,-11,-11,-10,-10,-9,-8,-8,-8,-7,-7,-5,-4,-4,-4,-4,-3,-3,-1,-1,0,0,0,1,1,1,2,3,3,5,5,8,9,9,10,13,14,14,17,18,19,21,22,24,26,27,30,32,33,35,37,40,
-18,-18,-18,-18,-18,0,0,0,0,0,0,-16,-16,-16,-15,-14,-14,-14,-14,-14,-13,-13,-13,-13,-13,-13,-13,-13,-12,-12,-12,-11,-11,-10,-10,-9,-8,-8,-7,-7,-7,-5,-4,-4,-4,-4,-3,-1,-1,0,0,0,0,1,1,1,2,4,5,5,6,9,9,11,13,14,15,17,18,20,21,23,24,26,27,31,32,32,36,38,39,
-18,-18,-18,-18,-18,0,0,0,0,0,0,-17,-17,-16,-16,-15,-15,-15,-14,-14,-14,-14,-13,-13,-13,-13,-13,-13,-13,-13,-12,-12,-11,-11,-10,-10,-9,-7,-7,-7,-7,-7,-4,-4,-4,-4,-3,-2,-1,-1,0,0,0,1,1,1,3,4,4,5,7,9,9,10,12,13,15,16,19,19,22,22,24,27,28,31,31,33,37,37,39,
-18,-18,-18,-18,-18,0,0,0,0,0,0,-18,-18,-18,-18,-17,-15,-15,-15,-15,-15,-15,-14,-14,-14,-13,-13,-13,-13,-13,-13,-13,-12,-12,-11,-11,-9,-8,-7,-7,-7,-7,-7,-4,-4,-4,-3,-2,-2,-1,0,0,0,0,1,2,2,3,4,4,7,8,10,10,12,14,15,16,19,20,22,22,25,27,28,31,32,34,37,37,41,
-20,-20,-20,-19,-19,0,0,0,0,0,0,-18,-18,-18,-18,-18,-17,-16,-16,-15,-15,-15,-15,-15,-15,-14,-14,-13,-13,-13,-13,-13,-13,-13,-12,-11,-9,-8,-8,-8,-7,-7,-7,-7,-4,-4,-3,-3,-2,-1,0,0,0,0,0,2,2,2,4,5,7,9,9,10,11,14,15,16,18,20,21,23,25,27,28,31,33,34,36,39,42,
-20,-20,-20,-20,-20,0,0,0,0,0,0,-19,-19,-18,-18,-18,-17,-17,-16,-16,-16,-15,-15,-15,-15,-15,-15,-15,-14,-13,-13,-13,-13,-13,-13,-12,-9,-9,-8,-8,-8,-7,-7,-7,-6,-4,-3,-3,-3,-2,-1,0,0,0,1,1,2,2,4,5,7,8,9,11,12,15,15,16,19,20,22,24,25,27,30,32,33,36,38,39,42,
-20,-20,-20,-20,-20,0,0,0,0,0,0,-20,-20,-20,-20,-19,-18,-18,-17,-16,-16,-16,-16,-15,-15,-15,-15,-15,-15,-15,-13,-13,-13,-13,-13,-12,-10,-9,-9,-8,-8,-8,-7,-7,-7,-4,-3,-3,-3,-3,-1,0,0,1,1,1,2,2,3,6,7,8,9,10,13,14,15,16,19,20,21,25,25,28,30,32,34,36,38,40,43,
-20,-20,-20,-20,-20,0,0,0,0,0,0,-20,-20,-20,-20,-20,-19,-19,-19,-18,-17,-17,-16,-16,-16,-15,-15,-15,-15,-15,-15,-15,-13,-13,-13,-12,-11,-10,-9,-9,-8,-8,-8,-7,-7,-5,-4,-3,-3,-3,-3,0,1,1,1,1,1,3,4,6,7,7,10,11,13,14,16,17,20,20,22,25,26,29,30,33,36,37,39,42,43,
-21,-21,-21,-21,-21,0,0,0,0,0,0,-20,-20,-20,-20,-20,-19,-19,-19,-19,-19,-18,-17,-17,-17,-16,-16,-15,-15,-15,-15,-15,-15,-14,-12,-12,-11,-11,-10,-10,-9,-8,-8,-8,-7,-5,-5,-4,-3,-3,-3,0,1,1,1,1,1,4,4,5,7,8,11,11,13,15,17,18,20,21,24,25,27,29,31,34,35,38,41,42,44,
-22,0,0,0,0,0,0,0,0,0,0,0,0,0,0,0,0,0,-19,-19,-19,-19,-18,-18,-17,-17,-17,-17,-15,-15,-15,-15,-15,-15,-14,-12,-11,-11,-10,-10,-10,-9,-8,-8,-7,-5,-5,-4,-4,-3,-2,-1,1,1,1,1,3,3,4,5,8,9,9,12,13,16,16,18,20,22,23,26,27,30,32,35,36,39,41,43,46,
-23,-23,0,0,0,0,0,0,0,0,0,0,0,0,0,0,0,0,0,-19,-19,-19,-18,-18,-18,-18,-17,-17,-17,-16,-15,-15,-15,-14,-14,-14,-12,-11,-10,-10,-10,-10,-9,-8,-7,-6,-5,-5,-4,-3,-2,-1,0,1,1,3,3,3,3,5,8,9,9,12,14,15,17,19,21,23,24,27,28,31,34,35,37,41,41,45,47,
-23,-23,-23,0,0,0,0,0,0,0,0,0,0,0,0,0,0,0,0,-20,-20,-20,-20,-18,-18,-18,-18,-18,-17,-16,-16,-16,-14,-14,-14,-13,-13,-12,-10,-10,-10,-10,-10,-7,-7,-6,-6,-5,-3,-3,-2,-1,-1,0,3,3,3,3,3,7,8,9,10,13,14,15,18,19,22,24,25,28,29,32,34,36,39,41,43,46,49,
-24,-24,-24,-24,-24,0,0,0,0,0,0,-23,-23,-23,-21,-20,-20,-20,-20,-20,-20,-20,-20,-19,-19,-19,-18,-18,-18,-17,-16,-15,-15,-15,-14,-13,-13,-13,-12,-11,-10,-10,-10,-9,-7,-6,-6,-5,-4,-3,-2,-1,-1,1,3,3,3,3,6,6,8,8,12,13,14,18,19,19,23,24,27,29,30,33,34,38,40,43,44,47,50,
-24,-24,-24,-24,-24,-24,0,0,0,0,0,-24,-24,-24,-23,-23,-21,-21,-20,-20,-20,-20,-20,-19,-19,-19,-19,-19,-18,-18,-17,-15,-15,-15,-15,-14,-13,-13,-12,-11,-11,-10,-9,-9,-8,-6,-5,-5,-5,-3,-2,-2,0,2,2,3,3,5,6,6,8,11,12,13,17,18,19,21,24,24,28,29,32,35,37,39,42,43,46,49,51,
-24,-24,-24,-24,-24,-24,0,0,0,0,0,-24,-24,-23,-23,-23,-23,-23,-22,-22,-20,-20,-20,-19,-19,-19,-19,-19,-19,-19,-17,-16,-15,-15,-14,-14,-14,-13,-13,-11,-11,-11,-9,-9,-8,-6,-5,-5,-5,-3,-2,-1,0,2,2,3,5,6,6,8,9,11,12,15,16,18,21,23,23,27,29,30,34,34,38,40,43,45,49,51,53,
-25,-25,-25,-25,-24,-24,0,0,0,0,0,-24,-23,-23,-23,-23,-23,-23,-23,-22,-22,-22,-21,-20,-19,-19,-19,-19,-19,-18,-18,-17,-15,-15,-14,-14,-14,-14,-13,-11,-11,-10,-10,-9,-7,-6,-6,-5,-5,-3,-1,0,0,1,3,4,5,6,7,9,10,11,14,16,16,20,21,23,26,28,29,33,34,37,39,43,44,48,50,53,55,
-26,-25,-25,-25,-25,-25,0,0,0,0,0,-24,-23,-23,-23,-23,-23,-23,-23,-23,-22,-22,-22,-20,-20,-20,-20,-19,-18,-18,-18,-17,-17,-15,-14,-14,-14,-14,-14,-13,-10,-10,-10,-9,-7,-6,-6,-6,-5,-2,-1,0,0,2,4,4,5,7,8,10,11,13,15,15,19,20,21,26,26,30,31,33,36,38,42,43,47,49,53,54,58,
-26,-26,-26,-26,-26,-26,0,0,0,0,0,-24,-24,-24,-24,-24,-24,-24,-23,-23,-23,-22,-22,-21,-21,-20,-20,-19,-19,-18,-18,-18,-17,-15,-15,-15,-14,-14,-13,-13,-11,-10,-9,-9,-8,-6,-6,-5,-4,-2,-1,-1,2,3,3,4,6,8,8,11,12,13,16,17,20,21,24,25,29,31,34,36,37,41,43,46,48,52,54,58,61,
-26,-26,-26,-26,-26,-26,0,0,0,0,0,-24,-24,-24,-24,-24,-24,-24,-24,-24,-24,-24,-22,-21,-21,-21,-19,-19,-19,-19,-19,-18,-16,-16,-15,-15,-15,-14,-13,-12,-11,-10,-9,-9,-8,-7,-5,-5,-4,-2,-1,0,1,3,4,6,7,7,11,12,12,15,17,19,22,22,26,27,30,32,35,38,40,43,46,48,51,54,56,61,63,
-28,-27,-27,-27,-27,-27,-26,0,0,0,0,-25,-25,-24,-24,-24,-24,-24,-24,-24,-24,-24,-22,-22,-21,-20,-19,-19,-19,-19,-19,-19,-17,-16,-15,-15,-15,-15,-13,-12,-10,-10,-10,-8,-8,-6,-6,-4,-2,-1,0,0,2,4,5,6,7,9,12,12,15,16,17,21,21,25,27,30,32,34,37,40,42,45,47,50,54,56,60,63,66,
-29,-28,-28,-28,-26,-26,-26,0,0,0,0,-26,-26,-26,-26,-24,-24,-24,-24,-24,-24,-24,-23,-21,-21,-21,-21,-19,-19,-19,-19,-18,-17,-17,-15,-15,-15,-15,-13,-12,-10,-10,-10,-9,-6,-6,-6,-4,-1,-1,-1,1,3,3,6,7,8,11,12,14,16,17,20,21,25,26,28,31,35,36,40,41,44,47,51,53,57,60,62,66,70,
-29,-28,-27,-27,-27,-27,-27,-26,0,0,0,-26,-26,-26,-26,-26,-26,-25,-25,-24,-24,-23,-22,-21,-21,-21,-21,-21,-20,-19,-19,-18,-17,-17,-17,-16,-15,-14,-12,-12,-11,-10,-9,-8,-7,-6,-4,-3,-1,-1,0,3,3,5,7,7,9,12,13,16,17,19,21,24,25,29,30,34,36,39,41,45,46,51,51,56,61,62,66,69,72,
-29,-28,-28,-27,-27,-27,-27,-27,0,0,0,-26,-26,-26,-26,-26,-26,-26,-25,-25,-24,-23,-23,-22,-21,-21,-21,-21,-20,-20,-19,-18,-17,-17,-17,-16,-14,-12,-12,-12,-11,-10,-8,-8,-7,-6,-3,-3,-2,1,1,2,5,6,7,9,11,13,15,17,19,21,23,26,28,31,33,36,39,41,44,46,50,54,56,60,61,66,71,73,76,
-29,-28,-28,-28,-28,-28,-28,-28,-28,0,0,-26,-26,-26,-26,-26,-26,-26,-26,-24,-23,-23,-23,-23,-22,-21,-21,-21,-21,-19,-19,-18,-18,-17,-17,-14,-14,-13,-12,-12,-10,-9,-9,-8,-5,-4,-3,-2,0,1,2,4,6,7,9,10,12,15,16,20,21,23,24,27,29,33,35,38,41,43,47,49,53,56,59,63,65,70,74,77,80,
-30,-29,-28,-28,-28,-28,-28,-28,-28,0,0,0,-27,-27,-27,-27,-26,-25,-25,-25,-23,-23,-23,-23,-22,-22,-22,-21,-20,-19,-19,-18,-18,-18,-15,-14,-14,-13,-13,-11,-10,-9,-9,-6,-5,-4,-3,0,0,0,4,5,6,8,9,13,14,16,19,20,23,24,27,29,32,35,38,41,44,46,49,53,56,59,63,66,70,73,78,82,86,
-29,-29,-29,-29,-29,-28,-28,-28,-28,-28,0,0,0,-27,-27,-26,0,0,0,0,-24,-23,-23,-23,-22,-22,-22,-21,-21,-19,-19,-18,-17,-16,-16,-14,-13,-12,-12,-12,-9,-9,-7,-6,-4,-2,-2,0,2,2,5,7,7,9,11,14,16,18,20,22,25,27,29,32,34,38,39,43,47,49,53,56,59,63,66,70,74,77,82,86,90,
-30,-30,-30,-30,-30,-30,-29,-29,-28,-28,-28,0,0,0,0,0,0,0,0,0,0,-25,-24,-23,-22,-22,-21,-21,-21,-20,-19,-17,-16,-16,-16,-15,-12,-12,-12,-11,-9,-7,-7,-5,-2,-2,-1,1,2,4,7,7,8,11,13,16,17,21,21,25,26,30,31,35,37,40,43,45,49,53,55,59,64,67,69,74,79,84,86,89,94,
-30,-30,-30,-30,-30,-30,-30,-30,-30,-30,-28,-28,0,0,0,0,0,0,0,0,0,-25,-24,-23,-23,-21,-21,-21,-21,-19,-18,-17,-16,-16,-15,-13,-13,-12,-12,-9,-8,-7,-6,-3,-3,-2,1,1,3,6,6,10,10,11,15,16,20,21,25,26,30,31,34,38,39,44,47,49,53,57,59,64,68,71,74,78,83,88,92,96,101,
-30,-30,-30,-30,-30,-30,-30,-30,-29,-29,-29,-28,-28,0,0,0,0,0,0,0,0,-25,-25,-23,-22,-22,-21,-21,-20,-19,-17,-17,-17,-15,-15,-13,-13,-12,-11,-8,-8,-7,-3,-3,-2,1,1,2,6,6,9,10,12,15,17,20,22,25,27,30,33,34,37,40,44,47,50,54,57,60,64,67,71,75,80,85,89,91,96,101,106,
-30,-30,-30,-30,-29,-29,-29,-29,-29,-29,-29,-29,-28,-27,-26,0,0,0,0,0,-25,-25,-25,-22,-22,-22,-21,-21,-20,-17,-17,-16,-16,-15,-13,-13,-12,-12,-8,-7,-7,-5,-3,-2,-1,1,3,4,7,9,10,12,14,17,18,22,23,27,29,33,36,37,41,43,47,51,54,57,61,64,68,72,77,81,84,89,93,98,103,108,113,
-30,-30,-30,-30,-29,-29,-29,-29,-29,-29,-29,-29,-29,-26,-26,-26,-26,-26,-26,-26,-26,-25,-23,-22,-21,-21,-21,-21,-20,-17,-16,-16,-16,-15,-12,-12,-11,-10,-7,-7,-6,-3,-2,-1,1,3,4,6,8,10,12,14,16,19,21,24,26,30,32,36,37,40,44,47,50,54,58,61,65,69,73,77,82,87,90,94,99,104,109,114,119,
-30,-30,-30,-30,-30,-30,-30,-30,-30,-29,-29,-29,-27,-27,-26,-26,-26,-26,-26,-26,-26,-25,-22,-21,-21,-21,-21,-20,-18,-16,-16,-16,-16,-14,-12,-11,-9,-9,-7,-6,-4,-2,-1,0,2,5,7,7,10,11,14,16,19,21,25,26,30,33,35,39,40,44,48,51,54,58,63,67,68,73,78,83,88,92,97,101,105,110,115,121,126,
-30,-30,-30,-30,-30,-30,-30,-30,-30,-30,-29,-29,-27,-27,-26,-26,-26,-26,-26,-25,-24,-23,-23,-21,-21,-20,-19,-18,-18,-17,-16,-15,-14,-13,-12,-10,-9,-7,-6,-4,-2,-1,0,2,4,6,8,10,12,14,17,19,22,24,27,29,34,35,39,43,43,48,53,55,58,63,67,71,75,79,84,89,93,98,103,107,112,118,123,128,133,
-30,-30,-30,-30,-30,-30,-30,-30,-29,-29,-29,-28,-28,-28,-27,-26,-26,-26,-24,-24,-24,-23,-23,-22,-20,-19,-18,-18,-18,-16,-16,-14,-14,-11,-11,-9,-7,-6,-5,-2,-1,0,2,4,6,8,10,12,14,15,19,20,24,27,30,33,36,40,43,45,49,52,56,60,64,67,71,76,80,84,89,94,99,104,109,114,119,126,131,136,141,
-30,-30,-30,-30,-30,-29,-29,-29,-29,-29,-29,-28,-28,-28,-27,-26,-25,-24,-24,-24,-23,-23,-22,-20,-20,-19,-18,-17,-16,-16,-15,-12,-11,-11,-10,-7,-6,-5,-3,-1,1,1,5,6,7,11,11,15,15,20,21,25,27,30,34,36,40,43,45,49,53,57,59,64,69,73,77,82,87,91,96,101,106,112,117,122,127,133,138,144,150,
-31,-31,-31,-30,-29,-29,-29,-29,-29,-29,-28,-28,-27,-27,-25,-25,-25,-25,-25,-23,-22,-21,-20,-20,-20,-18,-17,-17,-16,-15,-13,-12,-11,-8,-8,-7,-3,-3,-3,1,1,5,6,7,11,12,14,16,19,22,24,28,30,33,36,40,44,47,50,53,57,62,65,70,72,77,82,87,92,97,102,107,113,118,124,129,135,141,147,153,161,
-30,-30,-30,-30,-30,-30,-30,-30,-29,-27,-27,-27,-26,-26,-25,-25,-25,-24,-23,-23,-21,-21,-20,-19,-18,-18,-18,-16,-14,-13,-13,-11,-8,-8,-7,-4,-3,-1,0,1,4,5,8,10,13,14,16,19,21,26,27,31,34,37,41,43,48,50,53,58,62,66,71,74,79,84,89,94,98,103,108,113,120,125,132,137,144,150,156,162,170,
-30,-30,-30,-30,-29,-29,-29,-28,-28,-28,-26,-26,-26,-25,-25,-24,-24,-23,-22,-22,-22,-19,-19,-18,-18,-18,-17,-13,-13,-12,-12,-9,-8,-6,-4,-3,-1,0,2,4,6,8,11,12,16,16,21,22,26,29,31,34,39,40,44,49,52,54,59,62,67,72,76,81,85,90,95,101,106,111,116,121,127,133,141,147,152,159,166,172,180,
-29,-29,-29,-29,-29,-29,-28,-28,-27,-27,-27,-26,-25,-24,-24,-24,-22,-22,-21,-21,-21,-20,-18,-17,-17,-17,-14,-13,-12,-11,-9,-8,-6,-4,-3,-2,1,2,3,7,7,12,12,15,18,19,24,25,29,32,34,39,43,45,48,53,56,59,64,68,73,77,81,86,91,96,101,106,113,118,124,130,136,142,149,155,162,169,176,184,191,
-29,-29,-29,-29,-28,-27,-27,-26,-26,-26,-26,-26,-25,-25,-22,-22,-21,-21,-21,-21,-20,-18,-17,-17,-16,-13,-13,-12,-11,-8,-8,-7,-4,-2,-1,0,2,4,7,9,10,14,15,19,19,24,26,29,33,36,38,43,45,50,54,57,60,64,69,73,78,82,87,93,98,103,108,114,121,127,132,139,145,150,159,165,171,180,186,195,201,
-30,-27,-26,-26,-26,-26,-26,-26,-26,-26,-26,-24,-23,-22,-22,-21,-21,-21,-21,-18,-18,-18,-17,-15,-13,-13,-12,-11,-8,-7,-6,-5,-2,-1,0,3,5,7,10,11,14,16,18,21,23,26,30,33,35,40,45,46,50,55,58,62,67,71,76,81,86,90,95,100,106,111,117,123,130,135,140,147,154,162,168,176,184,191,198,206,214,
-27,-27,-27,-26,-26,-26,-26,-26,-26,-24,-23,-22,-22,-22,-22,-22,-20,-20,-18,-18,-17,-16,-16,-13,-12,-11,-10,-9,-6,-6,-4,-2,-1,1,2,6,7,10,11,15,17,19,20,24,27,30,35,37,40,44,48,53,56,58,62,66,71,76,81,87,92,97,102,107,113,119,125,132,137,143,151,156,165,171,179,187,194,202,210,219,228,
-27,-27,-27,-27,-26,-24,-24,-24,-24,-22,-22,-22,-21,-21,-21,-21,-20,-18,-16,-16,-16,-15,-12,-11,-11,-10,-8,-7,-4,-3,-2,0,1,3,5,8,10,12,15,17,19,21,25,27,31,34,38,41,45,48,52,57,61,64,68,73,78,83,88,92,98,103,110,115,121,126,134,141,146,154,159,169,175,183,191,198,205,215,222,232,240,
-26,-25,-25,-25,-25,-25,-25,-22,-21,-21,-21,-21,-21,-21,-21,-19,-17,-16,-16,-16,-13,-12,-12,-10,-8,-8,-7,-4,-3,0,0,1,5,5,8,10,12,16,17,21,22,25,29,32,35,39,42,46,49,54,58,62,66,70,74,80,84,90,95,100,105,111,117,123,129,136,143,149,156,163,171,180,185,194,203,210,219,229,237,247,255,
